1	0.75
2	0.75
3	0.473684
4	0.65
5	0.75
6	0.75
7	0.75
8	0.75
9	0.75
10	0.75
11	0.75
12	0.75
13	0.75
14	0.75
15	0.75
16	0.75
17	0.75
18	0.75
19	0.75
20	0.75
21	0.75
22	0.75
23	0.75
24	0.75
25	0.88
26	0.75
27	0.75
28	0.75
29	0.75
30	0.75
31	0.75
32	0.75
33	0.75
34	0.75
35	0.75
36	0.75
37	0.75
38	0.75
39	0.75
40	0.75
41	0.75
42	0.75
43	0.75
44	0.75
45	0.75
46	0.75
47	0.75
48	0.75
49	0.75
50	0.75
51	0.75
52	0.75
53	0.75
54	0.75
55	0.75
56	0.75
57	0.75
58	0.75
59	0.75
60	0.75
61	0.75
62	0.75
63	0.75
64	0.75
65	0.75
66	0.75
67	0.75
68	0.75
69	0.75
70	0.75
71	0.75
72	0.75
73	0.75
74	0.75
75	0.75
76	0.75
77	0.75
78	0.75
79	0.75
80	0.75
81	0.75
82	0.75
83	0.75
84	0.75
85	0.75
86	0.75
87	0.75
88	0.75
89	0.75
90	0.75
91	0.75
92	0.75
93	0.75
94	0.75
95	0.75
96	0.75
97	0.75
98	0.75
99	0.75
100	0.75
101	0.75
102	0.75
103	0.75
104	0.75
105	0.75
106	0.75
107	0.75
108	0.75
109	0.75
110	0.75
111	0.75
112	0.75
113	0.75
114	0.75
115	0.75
116	0.75
117	0.75
118	0.75
119	0.75
120	0.75
121	0.75
122	0.725
123	0.75
124	0.75
125	0.75
126	0.75
127	0.685185
128	0.75
129	0.75
130	0.75
131	0.75
132	0.75
133	0.75
134	0.75
135	0.75
136	0.75
137	0.75
138	0.75
139	0.75
140	0.75
141	0.75
142	0.75
143	0.75
144	0.75
145	0.75
146	0.75
147	0.75
148	0.75
149	0.75
150	0.75
151	0.75
152	0.75
153	0.75
154	0.75
155	0.75
156	0.75
157	0.75
158	0.75
159	0.75
160	0.75
161	0.75
162	0.75
163	0.75
164	0.75
165	0.75
166	0.75
167	0.75
168	0.75
169	0.75
170	0.75
171	0.75
172	0.75
173	0.75
174	0.75
175	0.75
176	0.75
177	0.75
178	0.75
179	0.75
180	0.75
181	0.75
182	0.75
183	0.75
184	0.75
185	0.75
186	0.75
187	0.75
188	0.75
189	0.75
190	0.631579
191	0.75
192	0.75
193	0.75
194	0.75
195	0.75
196	0.75
197	0.75
198	0.75
199	0.75
200	0.75
201	0.75
202	0.75
203	0.75
204	0.75
205	0.75
206	0.75
207	0.75
208	0.75
209	0.75
210	0.75
211	0.75
212	0.75
213	0.75
214	0.75
215	0.75
216	0.75
217	0.75
218	0.75
219	0.75
220	0.6
221	0.75
222	0.75
223	0.75
224	0.75
225	0.75
226	0.75
227	0.75
228	0.75
229	0.75
230	0.75
231	0.75
232	0.75
233	0.647059
234	0.75
235	0.75
236	0.75
237	0.75
238	0.75
239	0.75
240	0.75
241	0.75
242	0.75
243	0.75
244	0.75
245	0.75
246	0.75
247	0.75
248	0.75
249	0.75
250	0.75
251	0.75
252	0.75
253	0.75
254	0.75
255	0.75
256	0.75
257	0.75
258	0.75
259	0.75
260	0.75
261	0.75
262	0.75
263	0.75
264	0.75
265	0.75
266	0.75
267	0.75
268	0.75
269	0.75
270	0.75
271	0.75
272	0.75
273	0.75
274	0.75
275	0.75
276	0.75
277	0.75
278	0.75
279	0.555556
280	0.75
281	0.75
282	0.611111
283	0.6875
284	0.694915
285	0.75
286	0.75
287	0.75
288	0.75
289	0.75
290	0.75
291	0.75
292	0.835821
293	0.75
294	0.75
295	0.625
296	0.75
297	0.75
298	0.75
299	0.75
300	0.75
301	0.75
302	0.75
303	0.75
304	0.75
305	0.75
306	0.75
307	0.75
308	0.75
309	0.75
310	0.75
311	0.75
312	0.75
313	0.75
314	0.75
315	0.75
316	0.75
317	0.75
318	0.75
319	0.75
320	0.75
321	0.75
322	0.75
323	0.75
324	0.75
325	0.75
326	0.75
327	0.75
328	0.75
329	0.75
330	0.75
331	0.75
332	0.75
333	0.75
334	0.75
335	0.75
336	0.625
337	0.75
338	0.75
339	0.75
340	0.75
341	0.75
342	0.75
343	0.75
344	0.75
345	0.75
346	0.75
347	0.75
348	0.75
349	0.75
350	0.75
351	0.75
352	0.75
353	0.75
354	0.75
355	0.75
356	0.75
357	0.75
358	0.75
359	0.75
360	0.75
361	0.75
362	0.75
363	0.75
364	0.867925
365	0.4
366	0.75
367	0.535211
368	0.75
369	0.75
370	0.75
371	0.75
372	0.75
373	0.75
374	0.75
375	0.75
376	0.75
377	0.75
378	0.75
379	0.75
380	0.75
381	0.75
382	0.75
383	0.75
384	0.75
385	0.75
386	0.75
387	0.75
388	0.75
389	0.75
390	0.75
391	0.75
392	0.75
393	0.75
394	0.75
395	0.75
396	0.75
397	0.75
398	0.75
399	0.75
400	0.75
401	0.75
402	0.75
403	0.75
404	0.75
405	0.75
406	0.75
407	0.75
408	0.75
409	0.622642
410	0.75
411	0.75
412	0.75
413	0.75
414	0.75
415	0.75
416	0.75
417	0.75
418	0.75
419	0.75
420	0.75
421	0.75
422	0.75
423	0.75
424	0.75
425	0.75
426	0.75
427	0.75
428	0.75
429	0.75
430	0.75
431	0.75
432	0.75
433	0.5
434	0.75
435	0.75
436	0.75
437	0.75
438	0.75
439	0.75
440	0.75
441	0.75
442	0.75
443	0.75
444	0.75
445	0.75
446	0.75
447	0.75
448	0.75
449	0.75
450	0.75
451	0.75
452	0.75
453	0.75
454	0.75
455	0.75
456	0.75
457	0.75
458	0.75
459	0.75
460	0.75
461	0.75
462	0.75
463	0.75
464	0.75
465	0.75
466	0.75
467	0.75
468	0.75
469	0.75
470	0.75
471	0.75
472	0.75
473	0.75
474	0.75
475	0.75
476	0.75
477	0.75
478	0.75
479	0.75
480	0.75
481	0.75
482	0.75
483	0.75
484	0.75
485	0.75
486	0.75
487	0.75
488	0.75
489	0.75
490	0.75
491	0.75
492	0.75
493	0.75
494	0.75
495	0.75
496	0.793103
497	0.75
498	0.75
499	0.75
500	0.75
501	0.75
502	0.75
503	0.75
504	0.75
505	0.75
506	0.75
507	0.75
508	0.75
509	0.403846
510	0.636364
511	0.75
512	0.75
513	0.75
514	0.75
515	0.75
516	0.75
517	0.75
518	0.75
519	0.75
520	0.75
521	0.75
522	0.75
523	0.75
524	0.75
525	0.75
526	0.75
527	0.75
528	0.75
529	0.75
530	0.75
531	0.75
532	0.75
533	0.75
534	0.75
535	0.75
536	0.75
537	0.588235
538	0.75
539	0.75
540	0.75
541	0.75
542	0.75
543	0.75
544	0.75
545	0.75
546	0.75
547	0.75
548	0.75
549	0.75
550	0.75
551	0.75
552	0.75
553	0.578947
554	0.75
555	0.75
556	0.75
557	0.75
558	0.529412
559	0.75
560	0.75
561	0.75
562	0.75
563	0.75
564	0.75
565	0.75
566	0.75
567	0.75
568	0.75
569	0.777778
570	0.75
571	0.75
572	0.75
573	0.75
574	0.75
575	0.75
576	0.75
577	0.75
578	0.75
579	0.75
580	0.75
581	0.75
582	0.75
583	0.75
584	0.75
585	0.75
586	0.75
587	0.75
588	0.75
589	0.75
590	0.75
591	0.75
592	0.75
593	0.75
594	0.75
595	0.75
596	0.75
597	0.75
598	0.608696
599	0.75
600	0.75
601	0.75
602	0.823529
603	0.730769
604	0.75
605	0.75
606	0.75
607	0.75
608	0.75
609	0.75
610	0.75
611	0.75
612	0.75
613	0.75
614	0.75
615	0.697674
616	0.75
617	0.75
618	0.75
619	0.75
620	0.75
621	0.747664
622	0.75
623	0.75
624	0.75
625	0.75
626	0.75
627	0.75
628	0.75
629	0.75
630	0.75
631	0.75
632	0.75
633	0.75
634	0.75
635	0.75
636	0.75
637	0.75
638	0.75
639	0.75
640	0.75
641	0.75
642	0.75
643	0.75
644	0.75
645	0.75
646	0.75
647	0.75
648	0.75
649	0.75
650	0.75
651	0.75
652	0.75
653	0.75
654	0.75
655	0.75
656	0.75
657	0.75
658	0.75
659	0.655172
660	0.75
661	0.75
662	0.75
663	0.75
664	0.75
665	0.75
666	0.75
667	0.793103
668	0.705882
669	0.75
670	0.75
671	0.75
672	0.809524
673	0.75
674	0.75
675	0.75
676	0.75
677	0.75
678	0.75
679	0.75
680	0.75
681	0.585366
682	0.75
683	0.75
684	0.75
685	0.75
686	0.75
687	0.538462
688	0.75
689	0.75
690	0.75
691	0.75
692	0.75
693	0.75
694	0.666667
695	0.75
696	0.75
697	0.75
698	0.75
699	0.75
700	0.75
701	0.75
702	0.75
703	0.75
704	0.75
705	0.75
706	0.75
707	0.75
708	0.75
709	0.75
710	0.77551
711	0.647059
712	0.561905
713	0.75
714	0.75
715	0.75
716	0.75
717	0.75
718	0.75
719	0.75
720	0.75
721	0.75
722	0.75
723	0.75
724	0.75
725	0.75
726	0.75
727	0.75
728	0.75
729	0.75
730	0.75
731	0.75
732	0.75
733	0.75
734	0.75
735	0.5625
736	0.625
737	0.75
738	0.75
739	0.75
740	0.75
741	0.75
742	0.75
743	0.75
744	0.75
745	0.75
746	0.75
747	0.75
748	0.75
749	0.75
750	0.75
751	0.75
752	0.75
753	0.75
754	0.75
755	0.75
756	0.75
757	0.75
758	0.75
759	0.75
760	0.75
761	0.75
762	0.733333
763	0.75
764	0.75
765	0.75
766	0.75
767	0.75
768	0.75
769	0.75
770	0.75
771	0.75
772	0.75
773	0.75
774	0.75
775	0.75
776	0.75
777	0.75
778	0.75
779	0.651163
780	0.75
781	0.75
782	0.75
783	0.75
784	0.75
785	0.75
786	0.75
787	0.75
788	0.75
789	0.75
790	0.75
791	0.75
792	0.75
793	0.75
794	0.75
795	0.75
796	0.75
797	0.75
798	0.75
799	0.75
800	0.75
801	0.75
802	0.75
803	0.75
804	0.75
805	0.75
806	0.75
807	0.75
808	0.75
809	0.75
810	0.75
811	0.75
812	0.75
813	0.75
814	0.75
815	0.75
816	0.75
817	0.75
818	0.75
819	0.75
820	0.75
821	0.75
822	0.75
823	0.75
824	0.75
825	0.75
826	0.6875
827	0.75
828	0.388889
829	0.75
830	0.75
831	0.75
832	0.75
833	0.75
834	0.75
835	0.75
836	0.75
837	0.75
838	0.75
839	0.611111
840	0.75
841	0.75
842	0.714286
843	0.75
844	0.75
845	0.75
846	0.75
847	0.75
848	0.75
849	0.75
850	0.75
851	0.75
852	0.75
853	0.888889
854	0.75
855	0.75
856	0.75
857	0.75
858	0.75
859	0.75
860	0.75
861	0.75
862	0.75
863	0.75
864	0.75
865	0.75
866	0.75
867	0.75
868	0.75
869	0.75
870	0.75
871	0.75
872	0.75
873	0.75
874	0.75
875	0.75
876	0.75
877	0.75
878	0.75
879	0.75
880	0.75
881	0.75
882	0.75
883	0.75
884	0.75
885	0.75
886	0.75
887	0.75
888	0.75
889	0.75
890	0.75
891	0.75
892	0.75
893	0.586207
894	0.75
895	0.75
896	0.75
897	0.75
898	0.75
899	0.75
900	0.75
901	0.75
902	0.75
903	0.75
904	0.75
905	0.75
906	0.75
907	0.75
908	0.75
909	0.75
910	0.75
911	0.75
912	0.75
913	0.75
914	0.75
915	0.75
916	0.75
917	0.75
918	0.75
919	0.75
920	0.75
921	0.75
922	0.75
923	0.75
924	0.75
925	0.75
926	0.75
927	0.75
928	0.75
929	0.75
930	0.75
931	0.75
932	0.75
933	0.75
934	0.6875
935	0.75
936	0.75
937	0.75
938	0.75
939	0.75
940	0.75
941	0.769231
942	0.75
943	0.75
944	0.75
945	0.75
946	0.75
947	0.75
948	0.75
949	0.75
950	0.75
951	0.75
952	0.75
953	0.75
954	0.75
955	0.75
956	0.75
957	0.75
958	0.75
959	0.75
960	0.75
961	0.75
962	0.75
963	0.75
964	0.75
965	0.75
966	0.75
967	0.75
968	0.75
969	0.75
970	0.75
971	0.75
972	0.75
973	0.75
974	0.75
975	0.75
976	0.75
977	0.75
978	0.75
979	0.75
980	0.75
981	0.75
982	0.75
983	0.75
984	0.75
985	0.75
986	0.75
987	0.75
988	0.695652
989	0.75
990	0.75
991	0.75
992	0.75
993	0.75
994	0.75
995	0.75
996	0.75
997	0.75
998	0.75
999	0.75
1000	0.75
1001	0.75
1002	0.75
1003	0.75
1004	0.75
1005	0.75
1006	0.75
1007	0.75
1008	0.75
1009	0.75
1010	0.75
1011	0.75
1012	0.75
1013	0.75
1014	0.75
1015	0.75
1016	0.75
1017	0.75
1018	0.75
1019	0.75
1020	0.75
1021	0.75
1022	0.75
1023	0.75
1024	0.85
1025	0.75
1026	0.75
1027	0.75
1028	0.75
1029	0.75
1030	0.465116
1031	0.75
1032	0.75
1033	0.75
1034	0.662338
1035	0.75
1036	0.75
1037	0.75
1038	0.696629
1039	0.75
1040	0.75
1041	0.535032
1042	0.75
1043	0.75
1044	0.75
1045	0.75
1046	0.75
1047	0.75
1048	0.75
1049	0.75
1050	0.75
1051	0.658228
1052	0.75
1053	0.75
1054	0.75
1055	0.75
1056	0.75
1057	0.764706
1058	0.75
1059	0.75
1060	0.75
1061	0.75
1062	0.75
1063	0.75
1064	0.788462
1065	0.75
1066	0.75
1067	0.75
1068	0.75
1069	0.75
1070	0.75
1071	0.75
1072	0.75
1073	0.75
1074	0.75
1075	0.75
1076	0.75
1077	0.75
1078	0.75
1079	0.75
1080	0.75
1081	0.75
1082	0.75
1083	0.75
1084	0.75
1085	0.75
1086	0.75
1087	0.75
1088	0.75
1089	0.75
1090	0.75
1091	0.75
1092	0.75
1093	0.75
1094	0.75
1095	0.75
1096	0.526316
1097	0.75
1098	0.75
1099	0.75
1100	0.75
1101	0.75
1102	0.75
1103	0.75
1104	0.75
1105	0.75
1106	0.75
1107	0.75
1108	0.75
1109	0.75
1110	0.75
1111	0.75
1112	0.75
1113	0.75
1114	0.75
1115	0.75
1116	0.75
1117	0.75
1118	0.75
1119	0.75
1120	0.75
1121	0.75
1122	0.75
1123	0.75
1124	0.75
1125	0.75
1126	0.75
1127	0.75
1128	0.75
1129	0.75
1130	0.75
1131	0.75
1132	0.75
1133	0.75
1134	0.75
1135	0.75
1136	0.75
1137	0.75
1138	0.75
1139	0.75
1140	0.75
1141	0.75
1142	0.75
1143	0.75
1144	0.75
1145	0.75
1146	0.75
1147	0.75
1148	0.75
1149	0.75
1150	0.75
1151	0.75
1152	0.75
1153	0.75
1154	0.75
1155	0.75
1156	0.75
1157	0.75
1158	0.75
1159	0.75
1160	0.75
1161	0.75
1162	0.75
1163	0.75
1164	0.75
1165	0.8
1166	0.75
1167	0.75
1168	0.75
1169	0.75
1170	0.75
1171	0.75
1172	0.75
1173	0.681818
1174	0.75
1175	0.75
1176	0.75
1177	0.75
1178	0.75
1179	0.75
1180	0.75
1181	0.75
1182	0.75
1183	0.75
1184	0.75
1185	0.75
1186	0.6
1187	0.75
1188	0.75
1189	0.75
1190	0.75
1191	0.75
1192	0.75
1193	0.75
1194	0.75
1195	0.75
1196	0.75
1197	0.75
1198	0.75
1199	0.75
1200	0.75
1201	0.75
1202	0.75
1203	0.75
1204	0.75
1205	0.75
1206	0.75
1207	0.75
1208	0.75
1209	0.75
1210	0.75
1211	0.75
1212	0.75
1213	0.75
1214	0.75
1215	0.75
1216	0.75
1217	0.75
1218	0.75
1219	0.75
1220	0.75
1221	0.75
1222	0.75
1223	0.75
1224	0.75
1225	0.75
1226	0.75
1227	0.75
1228	0.75
1229	0.75
1230	0.75
1231	0.75
1232	0.75
1233	0.75
1234	0.75
1235	0.75
1236	0.75
1237	0.75
1238	0.75
1239	0.75
1240	0.75
1241	0.75
1242	0.75
1243	0.75
1244	0.75
1245	0.75
1246	0.75
1247	0.636816
1248	0.75
1249	0.75
1250	0.75
1251	0.75
1252	0.75
1253	0.75
1254	0.75
1255	0.705128
1256	0.75
1257	0.75
1258	0.75
1259	0.75
1260	0.75
1261	0.75
1262	0.75
1263	0.75
1264	0.75
1265	0.75
1266	0.75
1267	0.75
1268	0.75
1269	0.75
1270	0.75
1271	0.75
1272	0.75
1273	0.75
1274	0.75
1275	0.75
1276	0.62963
1277	0.357895
1278	0.75
1279	0.75
1280	0.828571
1281	0.75
1282	0.75
1283	0.75
1284	0.75
1285	0.75
1286	0.75
1287	0.75
1288	0.604938
1289	0.75
1290	0.75
1291	0.483516
1292	0.75
1293	0.75
1294	0.788462
1295	0.75
1296	0.652174
1297	0.75
1298	0.75
1299	0.75
1300	0.75
1301	0.75
1302	0.918033
1303	0.75
1304	0.657534
1305	0.75
1306	0.75
1307	0.75
1308	0.767442
1309	0.75
1310	0.75
1311	0.576923
1312	0.75
1313	0.75
1314	0.75
1315	0.75
1316	0.75
1317	0.75
1318	0.75
1319	0.75
1320	0.75
1321	0.75
1322	0.75
1323	0.75
1324	0.75
1325	0.75
1326	0.75
1327	0.75
1328	0.75
1329	0.75
1330	0.75
1331	0.75
1332	0.75
1333	0.75
1334	0.75
1335	0.75
1336	0.75
1337	0.75
1338	0.75
1339	0.75
1340	0.75
1341	0.75
1342	0.75
1343	0.75
1344	0.75
1345	0.75
1346	0.75
1347	0.75
1348	0.75
1349	0.842105
1350	0.75
1351	0.506849
1352	0.75
1353	0.734694
1354	0.75
1355	0.75
1356	0.75
1357	0.75
1358	0.75
1359	0.75
1360	0.75
1361	0.75
1362	0.75
1363	0.75
1364	0.75
1365	0.75
1366	0.75
1367	0.75
1368	0.75
1369	0.75
1370	0.75
1371	0.75
1372	0.75
1373	0.75
1374	0.75
1375	0.75
1376	0.75
1377	0.75
1378	0.75
1379	0.75
1380	0.75
1381	0.75
1382	0.75
1383	0.891304
1384	0.75
1385	0.75
1386	0.75
1387	0.75
1388	0.75
1389	0.884615
1390	0.75
1391	0.75
1392	0.75
1393	0.761905
1394	0.602041
1395	0.75
1396	0.75
1397	0.75
1398	0.75
1399	0.75
1400	0.75
1401	0.75
1402	0.75
1403	0.75
1404	0.75
1405	0.75
1406	0.75
1407	0.75
1408	0.75
1409	0.75
1410	0.75
1411	0.75
1412	0.75
1413	0.75
1414	0.75
1415	0.75
1416	0.75
1417	0.75
1418	0.75
1419	0.75
1420	0.75
1421	0.75
1422	0.75
1423	0.75
1424	0.75
1425	0.75
1426	0.75
1427	0.75
1428	0.75
1429	0.75
1430	0.75
1431	0.75
1432	0.75
1433	0.75
1434	0.75
1435	0.75
1436	0.75
1437	0.75
1438	0.75
1439	0.320755
1440	0.75
1441	0.75
1442	0.75
1443	0.75
1444	0.75
1445	0.75
1446	0.75
1447	0.75
1448	0.75
1449	0.75
1450	0.75
1451	0.75
1452	0.75
1453	0.75
1454	0.75
1455	0.75
1456	0.75
1457	0.75
1458	0.75
1459	0.75
1460	0.75
1461	0.75
1462	0.75
1463	0.75
1464	0.75
1465	0.75
1466	0.75
1467	0.75
1468	0.75
1469	0.75
1470	0.75
1471	0.75
1472	0.75
1473	0.604167
1474	0.75
1475	0.75
1476	0.75
1477	0.75
1478	0.75
1479	0.75
1480	0.727273
1481	0.75
1482	0.75
1483	0.542857
1484	0.75
1485	0.75
1486	0.75
1487	0.75
1488	0.75
1489	0.75
1490	0.75
1491	0.75
1492	0.75
1493	0.75
1494	0.473684
1495	0.75
1496	0.75
1497	0.75
1498	0.75
1499	0.75
1500	0.75
1501	0.75
1502	0.75
1503	0.75
1504	0.75
1505	0.75
1506	0.75
1507	0.714286
1508	0.897436
1509	0.75
1510	0.75
1511	0.75
1512	0.75
1513	0.75
1514	0.75
1515	0.75
1516	0.75
1517	0.75
1518	0.75
1519	0.75
1520	0.75
1521	0.75
1522	0.75
1523	0.75
1524	0.75
1525	0.75
1526	0.75
1527	0.75
1528	0.75
1529	0.75
1530	0.75
1531	0.75
1532	0.75
1533	0.75
1534	0.75
1535	0.75
1536	0.75
1537	0.75
1538	0.75
1539	0.75
1540	0.75
1541	0.75
1542	0.75
1543	0.75
1544	0.75
1545	0.75
1546	0.75
1547	0.75
1548	0.75
1549	0.75
1550	0.75
1551	0.75
1552	0.75
1553	0.75
1554	0.75
1555	0.75
1556	0.75
1557	0.75
1558	0.75
1559	0.75
1560	0.75
1561	0.75
1562	0.75
1563	0.75
1564	0.75
1565	0.75
1566	0.75
1567	0.75
1568	0.75
1569	0.75
1570	0.75
1571	0.75
1572	0.75
1573	0.75
1574	0.75
1575	0.75
1576	0.75
1577	0.642857
1578	0.75
1579	0.75
1580	0.75
1581	0.75
1582	0.75
1583	0.75
1584	0.75
1585	0.75
1586	0.75
1587	0.75
1588	0.75
1589	0.766667
1590	0.75
1591	0.75
1592	0.75
1593	0.75
1594	0.75
1595	0.75
1596	0.75
1597	0.75
1598	0.75
1599	0.75
1600	0.75
1601	0.75
1602	0.75
1603	0.75
1604	0.75
1605	0.843137
1606	0.75
1607	0.75
1608	0.75
1609	0.75
1610	0.75
1611	0.75
1612	0.75
1613	0.75
1614	0.75
1615	0.75
1616	0.75
1617	0.75
1618	0.75
1619	0.75
1620	0.75
1621	0.75
1622	0.75
1623	0.75
1624	0.75
1625	0.590909
1626	0.75
1627	0.75
1628	0.75
1629	0.75
1630	0.75
1631	0.75
1632	0.75
1633	0.75
1634	0.75
1635	0.75
1636	0.75
1637	0.75
1638	0.75
1639	0.75
1640	0.75
1641	0.75
1642	0.75
1643	0.75
1644	0.75
1645	0.75
1646	0.75
1647	0.75
1648	0.75
1649	0.75
1650	0.75
1651	0.75
1652	0.75
1653	0.75
1654	0.75
1655	0.75
1656	0.75
1657	0.75
1658	0.75
1659	0.75
1660	0.75
1661	0.75
1662	0.75
1663	0.75
1664	0.75
1665	0.75
1666	0.75
1667	0.75
1668	0.75
1669	0.75
1670	0.75
1671	0.934783
1672	0.75
1673	0.75
1674	0.75
1675	0.8125
1676	0.75
1677	0.75
1678	0.75
1679	0.75
1680	0.75
1681	0.75
1682	0.75
1683	0.807692
1684	0.75
1685	0.75
1686	0.75
1687	0.8125
1688	0.833333
1689	0.75
1690	0.75
1691	0.75
1692	0.75
1693	0.75
1694	0.75
1695	0.692308
1696	0.75
1697	0.75
1698	0.75
1699	0.75
1700	0.75
1701	0.75
1702	0.75
1703	0.733333
1704	0.75
1705	0.75
1706	0.75
1707	0.75
1708	0.75
1709	0.75
1710	0.75
1711	0.75
1712	0.75
1713	0.75
1714	0.75
1715	0.75
1716	0.75
1717	0.75
1718	0.75
1719	0.75
1720	0.75
1721	0.75
1722	0.75
1723	0.75
1724	0.75
1725	0.75
1726	0.75
1727	0.75
1728	0.75
1729	0.609756
1730	0.75
1731	0.75
1732	0.75
1733	0.507246
1734	0.75
1735	0.75
1736	0.75
1737	0.75
1738	0.75
1739	0.75
1740	0.75
1741	0.75
1742	0.75
1743	0.75
1744	0.75
1745	0.65
1746	0.84
1747	0.75
1748	0.75
1749	0.75
1750	0.75
1751	0.75
1752	0.75
1753	0.75
1754	0.75
1755	0.75
1756	0.75
1757	0.75
1758	0.75
1759	0.75
1760	0.75
1761	0.75
1762	0.75
1763	0.75
1764	0.75
1765	0.911111
1766	0.75
1767	0.75
1768	0.75
1769	0.75
1770	0.75
1771	0.75
1772	0.75
1773	0.75
1774	0.75
1775	0.75
1776	0.75
1777	0.469388
1778	0.75
1779	0.75
1780	0.75
1781	0.75
1782	0.75
1783	0.75
1784	0.75
1785	0.75
1786	0.75
1787	0.75
1788	0.75
1789	0.75
1790	0.75
1791	0.75
1792	0.75
1793	0.75
1794	0.75
1795	0.75
1796	0.75
1797	0.75
1798	0.75
1799	0.75
1800	0.75
1801	0.75
1802	0.75
1803	0.75
1804	0.75
1805	0.75
1806	0.75
1807	0.75
1808	0.75
1809	0.75
1810	0.842105
1811	0.75
1812	0.75
1813	0.891892
1814	0.75
1815	0.75
1816	0.75
1817	0.75
1818	0.75
1819	0.75
1820	0.75
1821	0.75
1822	0.75
1823	0.75
1824	0.75
1825	0.75
1826	0.75
1827	0.75
1828	0.75
1829	0.75
1830	0.75
1831	0.75
1832	0.75
1833	0.75
1834	0.75
1835	0.75
1836	0.75
1837	0.75
1838	0.75
1839	0.75
1840	0.75
1841	0.570513
1842	0.454545
1843	0.75
1844	0.75
1845	0.75
1846	0.75
1847	0.75
1848	0.75
1849	0.75
1850	0.785714
1851	0.518519
1852	0.75
1853	0.75
1854	0.75
1855	0.75
1856	0.722222
1857	0.75
1858	0.75
1859	0.507937
1860	0.75
1861	0.75
1862	0.75
1863	0.75
1864	0.75
1865	0.75
1866	0.75
1867	0.75
1868	0.75
1869	0.75
1870	0.75
1871	0.75
1872	0.75
1873	0.75
1874	0.75
1875	0.75
1876	0.75
1877	0.75
1878	0.75
1879	0.75
1880	0.75
1881	0.75
1882	0.75
1883	0.75
1884	0.75
1885	0.75
1886	0.75
1887	0.75
1888	0.75
1889	0.378049
1890	0.75
1891	0.75
1892	0.714286
1893	0.75
1894	0.75
1895	0.75
1896	0.75
1897	0.75
1898	0.75
1899	0.75
1900	0.614458
1901	0.75
1902	0.75
1903	0.577778
1904	0.75
1905	0.75
1906	0.772727
1907	0.75
1908	0.75
1909	0.75
1910	0.75
1911	0.75
1912	0.75
1913	0.75
1914	0.75
1915	0.75
1916	0.75
1917	0.75
1918	0.75
1919	0.75
1920	0.75
1921	0.75
1922	0.75
1923	0.75
1924	0.75
1925	0.75
1926	0.75
1927	0.75
1928	0.75
1929	0.75
1930	0.75
1931	0.75
1932	0.75
1933	0.75
1934	0.75
1935	0.75
1936	0.75
1937	0.75
1938	0.75
1939	0.75
1940	0.75
1941	0.75
1942	0.75
1943	0.75
1944	0.75
1945	0.75
1946	0.75
1947	0.75
1948	0.75
1949	0.75
1950	0.75
1951	0.75
1952	0.75
1953	0.75
1954	0.891892
1955	0.75
1956	0.75
1957	0.75
1958	0.75
1959	0.75
1960	0.75
1961	0.75
1962	0.75
1963	0.75
1964	0.75
1965	0.75
1966	0.75
1967	0.753846
1968	0.75
1969	0.75
1970	0.75
1971	0.75
1972	0.75
1973	0.75
1974	0.75
1975	0.75
1976	0.75
1977	0.75
1978	0.75
1979	0.75
1980	0.75
1981	0.75
1982	0.75
1983	0.75
1984	0.75
1985	0.75
1986	0.75
1987	0.75
1988	0.75
1989	0.75
1990	0.75
1991	0.75
1992	0.75
1993	0.75
1994	0.75
1995	0.75
1996	0.75
1997	0.75
1998	0.533333
1999	0.75
2000	0.75
2001	0.75
2002	0.75
2003	0.75
2004	0.75
2005	0.75
2006	0.75
2007	0.75
2008	0.6875
2009	0.75
2010	0.75
2011	0.75
2012	0.75
2013	0.75
2014	0.75
2015	0.75
2016	0.75
2017	0.75
2018	0.75
2019	0.75
2020	0.75
2021	0.75
2022	0.75
2023	0.75
2024	0.75
2025	0.75
2026	0.75
2027	0.434783
2028	0.75
2029	0.75
2030	0.75
2031	0.75
2032	0.75
2033	0.75
2034	0.75
2035	0.75
2036	0.75
2037	0.75
2038	0.75
2039	0.75
2040	0.75
2041	0.75
2042	0.75
2043	0.711111
2044	0.75
2045	0.75
2046	0.75
2047	0.75
2048	0.75
2049	0.75
2050	0.75
2051	0.75
2052	0.75
2053	0.75
2054	0.75
2055	0.75
2056	0.75
2057	0.75
2058	0.75
2059	0.75
2060	0.75
2061	0.75
2062	0.75
2063	0.75
2064	0.75
2065	0.75
2066	0.75
2067	0.75
2068	0.75
2069	0.75
2070	0.75
2071	0.75
2072	0.75
2073	0.75
2074	0.75
2075	0.75
2076	0.75
2077	0.75
2078	0.75
2079	0.75
2080	0.75
2081	0.75
2082	0.75
2083	0.75
2084	0.75
2085	0.75
2086	0.487805
2087	0.75
2088	0.75
2089	0.75
2090	0.75
2091	0.75
2092	0.75
2093	0.75
2094	0.763889
2095	0.75
2096	0.75
2097	0.75
2098	0.75
2099	0.75
2100	0.75
2101	0.75
2102	0.75
2103	0.75
2104	0.75
2105	0.859649
2106	0.75
2107	0.75
2108	0.75
2109	0.75
2110	0.75
2111	0.75
2112	0.75
2113	0.75
2114	0.75
2115	0.75
2116	0.75
2117	0.808511
2118	0.75
2119	0.75
2120	0.75
2121	0.227273
2122	0.75
2123	0.75
2124	0.75
2125	0.75
2126	0.75
2127	0.75
2128	0.75
2129	0.75
2130	0.75
2131	0.75
2132	0.75
2133	0.75
2134	0.75
2135	0.75
2136	0.85567
2137	0.75
2138	0.75
2139	0.72549
2140	0.75
2141	0.75
2142	0.75
2143	0.75
2144	0.75
2145	0.75
2146	0.75
2147	0.75
2148	0.75
2149	0.75
2150	0.807692
2151	0.75
2152	0.75
2153	0.661017
2154	0.75
2155	0.75
2156	0.75
2157	0.75
2158	0.75
2159	0.75
2160	0.75
2161	0.75
2162	0.75
2163	0.75
2164	0.75
2165	0.75
2166	0.75
2167	0.75
2168	0.75
2169	0.75
2170	0.75
2171	0.75
2172	0.769231
2173	0.75
2174	0.75
2175	0.75
2176	0.75
2177	0.75
2178	0.75
2179	0.75
2180	0.75
2181	0.75
2182	0.75
2183	0.627907
2184	0.75
2185	0.75
2186	0.75
2187	0.75
2188	0.75
2189	0.836364
2190	0.75
2191	0.75
2192	0.75
2193	0.75
2194	0.75
2195	0.75
2196	0.75
2197	0.75
2198	0.75
2199	0.541667
2200	0.75
2201	0.75
2202	0.75
2203	0.75
2204	0.75
2205	0.75
2206	0.75
2207	0.75
2208	0.75
2209	0.75
2210	0.75
2211	0.75
2212	0.75
2213	0.75
2214	0.75
2215	0.75
2216	0.75
2217	0.75
2218	0.75
2219	0.75
2220	0.75
2221	0.75
2222	0.75
2223	0.75
2224	0.75
2225	0.75
2226	0.75
2227	0.75
2228	0.75
2229	0.75
2230	0.75
2231	0.75
2232	0.75
2233	0.75
2234	0.75
2235	0.75
2236	0.75
2237	0.75
2238	0.75
2239	0.75
2240	0.75
2241	0.75
2242	0.75
2243	0.75
2244	0.75
2245	0.75
2246	0.75
2247	0.75
2248	0.75
2249	0.75
2250	0.75
2251	0.75
2252	0.75
2253	0.75
2254	0.795455
2255	0.75
2256	0.75
2257	0.75
2258	0.75
2259	0.75
2260	0.75
2261	0.75
2262	0.75
2263	0.75
2264	0.75
2265	0.75
2266	0.75
2267	0.75
2268	0.611111
2269	0.769231
2270	0.857143
2271	0.75
2272	0.75
2273	0.75
2274	0.777778
2275	0.75
2276	0.75
2277	0.75
2278	0.75
2279	0.75
2280	0.75
2281	0.955224
2282	0.75
2283	0.75
2284	0.75
2285	0.75
2286	0.75
2287	0.75
2288	0.75
2289	0.75
2290	0.75
2291	0.75
2292	0.75
2293	0.75
2294	0.75
2295	0.75
2296	0.75
2297	0.75
2298	0.75
2299	0.75
2300	0.75
2301	0.75
2302	0.75
2303	0.75
2304	0.75
2305	0.75
2306	0.75
2307	0.75
2308	0.75
2309	0.75
2310	0.75
2311	0.75
2312	0.75
2313	0.75
2314	0.75
2315	0.75
2316	0.75
2317	0.75
2318	0.75
2319	0.75
2320	0.833333
2321	0.75
2322	0.75
2323	0.333333
2324	0.75
2325	0.75
2326	0.75
2327	0.75
2328	0.791667
2329	0.84375
2330	0.75
2331	0.75
2332	0.75
2333	0.75
2334	0.857143
2335	0.75
2336	0.583333
2337	0.75
2338	0.75
2339	0.75
2340	0.75
2341	0.75
2342	0.607143
2343	0.75
2344	0.75
2345	0.75
2346	0.75
2347	0.75
2348	0.75
2349	0.75
2350	0.75
2351	0.191011
2352	0.75
2353	0.75
2354	0.75
2355	0.75
2356	0.75
2357	0.75
2358	0.75
2359	0.75
2360	0.75
2361	0.75
2362	0.75
2363	0.75
2364	0.75
2365	0.75
2366	0.75
2367	0.75
2368	0.511905
2369	0.75
2370	0.75
2371	0.75
2372	0.75
2373	0.75
2374	0.75
2375	0.370968
2376	0.520548
2377	0.526316
2378	0.704225
2379	0.75
2380	0.75
2381	0.830189
2382	0.75
2383	0.75
2384	0.75
2385	0.75
2386	0.75
2387	0.75
2388	0.75
2389	0.705882
2390	0.75
2391	0.730435
2392	0.75
2393	0.75
2394	0.75
2395	0.703448
2396	0.75
2397	0.75
2398	0.75
2399	0.75
2400	0.75
2401	0.75
2402	0.75
2403	0.75
2404	0.75
2405	0.75
2406	0.75
2407	0.75
2408	0.75
2409	0.75
2410	0.75
2411	0.75
2412	0.75
2413	0.75
2414	0.75
2415	0.75
2416	0.75
2417	0.75
2418	0.75
2419	0.75
2420	0.75
2421	0.75
2422	0.75
2423	0.75
2424	0.75
2425	0.75
2426	0.75
2427	0.75
2428	0.75
2429	0.75
2430	0.75
2431	0.8
2432	0.75
2433	0.75
2434	0.75
2435	0.453846
2436	0.75
2437	0.826087
2438	0.512821
2439	0.75
2440	0.75
2441	0.75
2442	0.75
2443	0.75
2444	0.75
2445	0.75
2446	0.75
2447	0.75
2448	0.75
2449	0.75
2450	0.75
2451	0.75
2452	0.75
2453	0.75
2454	0.75
2455	0.75
2456	0.75
2457	0.75
2458	0.75
2459	0.75
2460	0.75
2461	0.75
2462	0.75
2463	0.75
2464	0.75
2465	0.75
2466	0.75
2467	0.75
2468	0.75
2469	0.6
2470	0.75
2471	0.75
2472	0.75
2473	0.75
2474	0.75
2475	0.75
2476	0.75
2477	0.75
2478	0.75
2479	0.75
2480	0.75
2481	0.75
2482	0.75
2483	0.75
2484	0.816901
2485	0.75
2486	0.75
2487	0.75
2488	0.75
2489	0.75
2490	0.75
2491	0.75
2492	0.75
2493	0.75
2494	0.75
2495	0.75
2496	0.75
2497	0.75
2498	0.75
2499	0.75
2500	0.75
2501	0.75
2502	0.75
2503	0.75
2504	0.75
2505	0.75
2506	0.75
2507	0.75
2508	0.75
2509	0.75
2510	0.75
2511	0.75
2512	0.75
2513	0.75
2514	0.673077
2515	0.75
2516	0.75
2517	0.75
2518	0.75
2519	0.771429
2520	0.75
2521	0.75
2522	0.75
2523	0.75
2524	0.75
2525	0.75
2526	0.75
2527	0.75
2528	0.75
2529	0.75
2530	0.75
2531	0.75
2532	0.75
2533	0.75
2534	0.75
2535	0.75
2536	0.75
2537	0.659091
2538	0.75
2539	0.75
2540	0.75
2541	0.75
2542	0.75
2543	0.75
2544	0.75
2545	0.75
2546	0.75
2547	0.75
2548	0.75
2549	0.75
2550	0.865672
2551	0.75
2552	0.636364
2553	0.75
2554	0.75
2555	0.75
2556	0.75
2557	0.75
2558	0.75
2559	0.75
2560	0.75
2561	0.75
2562	0.75
2563	0.75
2564	0.772727
2565	0.75
2566	0.75
2567	0.75
2568	0.75
2569	0.75
2570	0.75
2571	0.75
2572	0.75
2573	0.75
2574	0.75
2575	0.545455
2576	0.75
2577	0.75
2578	0.75
2579	0.75
2580	0.75
2581	0.75
2582	0.75
2583	0.75
2584	0.75
2585	0.75
2586	0.75
2587	0.75
2588	0.75
2589	0.75
2590	0.75
2591	0.75
2592	0.640625
2593	0.75
2594	0.75
2595	0.75
2596	0.761905
2597	0.75
2598	0.75
2599	0.75
2600	0.75
2601	0.75
2602	0.795918
2603	0.75
2604	0.619048
2605	0.75
2606	0.75
2607	0.75
2608	0.75
2609	0.75
2610	0.75
2611	0.636364
2612	0.75
2613	0.75
2614	0.94
2615	0.75
2616	0.75
2617	0.75
2618	0.75
2619	0.75
2620	0.75
2621	0.75
2622	0.75
2623	0.75
2624	0.72
2625	0.75
2626	0.75
2627	0.75
2628	0.75
2629	0.75
2630	0.75
2631	0.75
2632	0.75
2633	0.75
2634	0.75
2635	0.75
2636	0.75
2637	0.75
2638	0.75
2639	0.75
2640	0.75
2641	0.75
2642	0.75
2643	0.75
2644	0.75
2645	0.75
2646	0.75
2647	0.75
2648	0.821429
2649	0.75
2650	0.619048
2651	0.75
2652	0.75
2653	0.75
2654	0.75
2655	0.8
2656	0.75
2657	0.75
2658	0.75
2659	0.75
2660	0.75
2661	0.75
2662	0.75
2663	0.75
2664	0.75
2665	0.863636
2666	0.75
2667	0.75
2668	0.75
2669	0.75
2670	0.75
2671	0.75
2672	0.75
2673	0.785714
2674	0.75
2675	0.75
2676	0.8
2677	0.75
2678	0.75
2679	0.75
2680	0.75
2681	0.75
2682	0.75
2683	0.458333
2684	0.612903
2685	0.75
2686	0.75
2687	0.75
2688	0.75
2689	0.75
2690	0.75
2691	0.75
2692	0.75
2693	0.75
2694	0.75
2695	0.75
2696	0.75
2697	0.75
2698	0.75
2699	0.75
2700	0.75
2701	0.75
2702	0.75
2703	0.75
2704	0.75
2705	0.75
2706	0.75
2707	0.75
2708	0.75
2709	0.75
2710	0.521739
2711	0.833333
2712	0.75
2713	0.75
2714	0.814815
2715	0.725
2716	0.75
2717	0.75
2718	0.75
2719	0.75
2720	0.75
2721	0.75
2722	0.75
2723	0.75
2724	0.75
2725	0.75
2726	0.75
2727	0.75
2728	0.75
2729	0.75
2730	0.75
2731	0.75
2732	0.75
2733	0.75
2734	0.75
2735	0.75
2736	0.533333
2737	0.75
2738	0.75
2739	0.75
2740	0.75
2741	0.75
2742	0.75
2743	0.75
2744	0.631579
2745	0.75
2746	0.75
2747	0.75
2748	0.75
2749	0.75
2750	0.75
2751	0.75
2752	0.75
2753	0.75
2754	0.75
2755	0.75
2756	0.75
2757	0.75
2758	0.75
2759	0.75
2760	0.75
2761	0.75
2762	0.75
2763	0.75
2764	0.75
2765	0.75
2766	0.75
2767	0.80597
2768	0.75
2769	0.75
2770	0.853659
2771	0.896552
2772	0.788462
2773	0.75
2774	0.75
2775	0.75
2776	0.75
2777	0.75
2778	0.75
2779	0.735849
2780	0.75
2781	0.75
2782	0.75
2783	0.75
2784	0.75
2785	0.75
2786	0.75
2787	0.75
2788	0.75
2789	0.75
2790	0.75
2791	0.75
2792	0.75
2793	0.75
2794	0.75
2795	0.75
2796	0.75
2797	0.75
2798	0.75
2799	0.75
2800	0.75
2801	0.75
2802	0.75
2803	0.75
2804	0.75
2805	0.75
2806	0.75
2807	0.75
2808	0.75
2809	0.75
2810	0.75
2811	0.75
2812	0.75
2813	0.75
2814	0.75
2815	0.75
2816	0.75
2817	0.75
2818	0.75
2819	0.75
2820	0.75
2821	0.590164
2822	0.90625
2823	0.75
2824	0.75
2825	0.75
2826	0.75
2827	0.75
2828	0.75
2829	0.75
2830	0.75
2831	0.75
2832	0.75
2833	0.75
2834	0.75
2835	0.75
2836	0.708333
2837	0.75
2838	0.75
2839	0.764706
2840	0.75
2841	0.75
2842	0.75
2843	0.75
2844	0.75
2845	0.75
2846	0.75
2847	0.75
2848	0.830508
2849	0.8
2850	0.75
2851	0.75
2852	0.75
2853	0.75
2854	0.75
2855	0.75
2856	0.75
2857	0.75
2858	0.833333
2859	0.75
2860	0.870588
2861	0.75
2862	0.75
2863	0.75
2864	0.75
2865	0.75
2866	0.75
2867	0.75
2868	0.75
2869	0.75
2870	0.75
2871	0.75
2872	0.75
2873	0.75
2874	0.75
2875	0.56
2876	0.75
2877	0.75
2878	0.75
2879	0.75
2880	0.75
2881	0.75
2882	0.75
2883	0.75
2884	0.75
2885	0.75
2886	0.75
2887	0.75
2888	0.75
2889	0.75
2890	0.75
2891	0.75
2892	0.75
2893	0.75
2894	0.75
2895	0.75
2896	0.75
2897	0.75
2898	0.75
2899	0.75
2900	0.75
2901	0.75
2902	0.75
2903	0.258824
2904	0.75
2905	0.75
2906	0.75
2907	0.378378
2908	0.75
2909	0.75
2910	0.75
2911	0.75
2912	0.75
2913	0.75
2914	0.75
2915	0.75
2916	0.75
2917	0.434783
2918	0.75
2919	0.75
2920	0.75
2921	0.75
2922	0.75
2923	0.75
2924	0.75
2925	0.75
2926	0.75
2927	0.75
2928	0.75
2929	0.75
2930	0.75
2931	0.75
2932	0.75
2933	0.75
2934	0.75
2935	0.75
2936	0.75
2937	0.75
2938	0.75
2939	0.90566
2940	0.75
2941	0.75
2942	0.75
2943	0.75
2944	0.75
2945	0.877358
2946	0.75
2947	0.75
2948	0.75
2949	0.75
2950	0.75
2951	0.75
2952	0.75
2953	0.75
2954	0.75
2955	0.75
2956	0.75
2957	0.75
2958	0.75
2959	0.75
2960	0.75
2961	0.75
2962	0.75
2963	0.75
2964	0.75
2965	0.75
2966	0.75
2967	0.75
2968	0.75
2969	0.75
2970	0.75
2971	0.75
2972	0.75
2973	0.75
2974	0.84
2975	0.75
2976	0.75
2977	0.75
2978	0.75
2979	0.75
2980	0.75
2981	0.75
2982	0.75
2983	0.75
2984	0.75
2985	0.675926
2986	0.75
2987	0.75
2988	0.75
2989	0.75
2990	0.75
2991	0.75
2992	0.75
2993	0.75
2994	0.75
2995	0.675676
2996	0.75
2997	0.75
2998	0.75
2999	0.75
3000	0.75
3001	0.75
3002	0.75
3003	0.75
3004	0.75
3005	0.75
3006	0.75
3007	0.75
3008	0.75
3009	0.75
3010	0.75
3011	0.75
3012	0.75
3013	0.75
3014	0.75
3015	0.75
3016	0.75
3017	0.75
3018	0.75
3019	0.75
3020	0.75
3021	0.75
3022	0.75
3023	0.75
3024	0.75
3025	0.75
3026	0.75
3027	0.75
3028	0.650602
3029	0.75
3030	0.75
3031	0.75
3032	0.548387
3033	0.75
3034	0.75
3035	0.75
3036	0.75
3037	0.75
3038	0.75
3039	0.75
3040	0.75
3041	0.75
3042	0.75
3043	0.75
3044	0.75
3045	0.75
3046	0.75
3047	0.75
3048	0.75
3049	0.75
3050	0.75
3051	0.75
3052	0.75
3053	0.75
3054	0.75
3055	0.522222
3056	0.75
3057	0.75
3058	0.75
3059	0.6
3060	0.75
3061	0.75
3062	0.75
3063	0.75
3064	0.75
3065	0.75
3066	0.75
3067	0.75
3068	0.75
3069	0.75
3070	0.75
3071	0.75
3072	0.75
3073	0.75
3074	0.888889
3075	0.75
3076	0.75
3077	0.75
3078	0.75
3079	0.682927
3080	0.75
3081	0.75
3082	0.75
3083	0.880597
3084	0.75
3085	0.75
3086	0.75
3087	0.75
3088	0.75
3089	0.75
3090	0.75
3091	0.75
3092	0.75
3093	0.75
3094	0.75
3095	0.75
3096	0.75
3097	0.75
3098	0.75
3099	0.75
3100	0.75
3101	0.75
3102	0.75
3103	0.75
3104	0.75
3105	0.75
3106	0.75
3107	0.75
3108	0.75
3109	0.75
3110	0.75
3111	0.75
3112	0.75
3113	0.75
3114	0.75
3115	0.75
3116	0.75
3117	0.75
3118	0.75
3119	0.75
3120	0.75
3121	0.75
3122	0.75
3123	0.75
3124	0.75
3125	0.75
3126	0.75
3127	0.75
3128	0.75
3129	0.75
3130	0.75
3131	0.75
3132	0.75
3133	0.75
3134	0.75
3135	0.75
3136	0.75
3137	0.75
3138	0.689655
3139	0.75
3140	0.75
3141	0.75
3142	0.75
3143	0.75
3144	0.75
3145	0.75
3146	0.75
3147	0.75
3148	0.75
3149	0.79661
3150	0.75
3151	0.75
3152	0.75
3153	0.75
3154	0.75
3155	0.75
3156	0.75
3157	0.75
3158	0.75
3159	0.75
3160	0.75
3161	0.75
3162	0.75
3163	0.75
3164	0.75
3165	0.75
3166	0.75
3167	0.75
3168	0.75
3169	0.75
3170	0.75
3171	0.75
3172	0.75
3173	0.75
3174	0.75
3175	0.75
3176	0.84058
3177	0.75
3178	0.75
3179	0.75
3180	0.75
3181	0.490196
3182	0.75
3183	0.75
3184	0.75
3185	0.75
3186	0.578947
3187	0.75
3188	0.75
3189	0.75
3190	0.75
3191	0.75
3192	0.809524
3193	0.75
3194	0.648649
3195	0.75
3196	0.75
3197	0.75
3198	0.75
3199	0.777778
3200	0.75
3201	0.75
3202	0.75
3203	0.75
3204	0.5
3205	0.75
3206	0.75
3207	0.75
3208	0.75
3209	0.523256
3210	0.75
3211	0.75
3212	0.75
3213	0.75
3214	0.75
3215	0.75
3216	0.75
3217	0.75
3218	0.75
3219	0.75
3220	0.75
3221	0.75
3222	0.75
3223	0.75
3224	0.75
3225	0.75
3226	0.48
3227	0.75
3228	0.75
3229	0.75
3230	0.75
3231	0.75
3232	0.75
3233	0.75
3234	0.75
3235	0.75
3236	0.706897
3237	0.857143
3238	0.75
3239	0.75
3240	0.612245
3241	0.75
3242	0.75
3243	0.75
3244	0.75
3245	0.75
3246	0.75
3247	0.75
3248	0.75
3249	0.75
3250	0.75
3251	0.75
3252	0.75
3253	0.75
3254	0.75
3255	0.84
3256	0.75
3257	0.75
3258	0.75
3259	0.75
3260	0.75
3261	0.75
3262	0.75
3263	0.75
3264	0.75
3265	0.75
3266	0.75
3267	0.75
3268	0.75
3269	0.75
3270	0.75
3271	0.75
3272	0.75
3273	0.75
3274	0.75
3275	0.75
3276	0.75
3277	0.75
3278	0.75
3279	0.75
3280	0.75
3281	0.75
3282	0.75
3283	0.75
3284	0.75
3285	0.75
3286	0.75
3287	0.75
3288	0.75
3289	0.796875
3290	0.75
3291	0.75
3292	0.75
3293	0.637037
3294	0.75
3295	0.75
3296	0.75
3297	0.75
3298	0.75
3299	0.75
3300	0.75
3301	0.75
3302	0.75
3303	0.75
3304	0.75
3305	0.75
3306	0.75
3307	0.75
3308	0.75
3309	0.75
3310	0.75
3311	0.764706
3312	0.75
3313	0.75
3314	0.75
3315	0.75
3316	0.75
3317	0.75
3318	0.75
3319	0.75
3320	0.75
3321	0.75
3322	0.75
3323	0.75
3324	0.75
3325	0.75
3326	0.764706
3327	0.75
3328	0.75
3329	0.75
3330	0.75
3331	0.75
3332	0.75
3333	0.75
3334	0.75
3335	0.888889
3336	0.75
3337	0.240741
3338	0.75
3339	0.75
3340	0.75
3341	0.75
3342	0.75
3343	0.75
3344	0.75
3345	0.571429
3346	0.771084
3347	0.75
3348	0.75
3349	0.75
3350	0.75
3351	0.75
3352	0.583333
3353	0.727273
3354	0.75
3355	0.75
3356	0.75
3357	0.75
3358	0.75
3359	0.75
3360	0.75
3361	0.75
3362	0.75
3363	0.75
3364	0.75
3365	0.75
3366	0.75
3367	0.75
3368	0.75
3369	0.75
3370	0.75
3371	0.75
3372	0.75
3373	0.75
3374	0.75
3375	0.75
3376	0.75
3377	0.75
3378	0.75
3379	0.75
3380	0.75
3381	0.75
3382	0.75
3383	0.75
3384	0.75
3385	0.75
3386	0.75
3387	0.75
3388	0.75
3389	0.75
3390	0.75
3391	0.75
3392	0.75
3393	0.75
3394	0.75
3395	0.75
3396	0.75
3397	0.75
3398	0.581395
3399	0.75
3400	0.75
3401	0.75
3402	0.75
3403	0.75
3404	0.75
3405	0.75
3406	0.75
3407	0.772727
3408	0.75
3409	0.75
3410	0.75
3411	0.75
3412	0.75
3413	0.75
3414	0.75
3415	0.75
3416	0.75
3417	0.75
3418	0.75
3419	0.75
3420	0.75
3421	0.75
3422	0.75
3423	0.75
3424	0.75
3425	0.75
3426	0.75
3427	0.75
3428	0.75
3429	0.75
3430	0.771429
3431	0.75
3432	0.793103
3433	0.75
3434	0.75
3435	0.75
3436	0.75
3437	0.75
3438	0.75
3439	0.75
3440	0.75
3441	0.75
3442	0.75
3443	0.75
3444	0.75
3445	0.75
3446	0.75
3447	0.75
3448	0.75
3449	0.75
3450	0.75
3451	0.75
3452	0.75
3453	0.75
3454	0.75
3455	0.75
3456	0.75
3457	0.75
3458	0.75
3459	0.75
3460	0.75
3461	0.75
3462	0.75
3463	0.75
3464	0.75
3465	0.75
3466	0.75
3467	0.75
3468	0.75
3469	0.75
3470	0.75
3471	0.75
3472	0.935065
3473	0.75
3474	0.75
3475	0.75
3476	0.75
3477	0.75
3478	0.75
3479	0.75
3480	0.75
3481	0.75
3482	0.75
3483	0.692308
3484	0.857143
3485	0.75
3486	0.75
3487	0.75
3488	0.75
3489	0.75
3490	0.75
3491	0.75
3492	0.75
3493	0.764706
3494	0.75
3495	0.75
3496	0.75
3497	0.75
3498	0.75
3499	0.75
3500	0.75
3501	0.888889
3502	0.75
3503	0.75
3504	0.825
3505	0.75
3506	0.75
3507	0.75
3508	0.75
3509	0.75
3510	0.75
3511	0.75
3512	0.75
3513	0.75
3514	0.90625
3515	0.75
3516	0.75
3517	0.75
3518	0.75
3519	0.75
3520	0.75
3521	0.75
3522	0.75
3523	0.75
3524	0.75
3525	0.75
3526	0.75
3527	0.75
3528	0.75
3529	0.75
3530	0.75
3531	0.75
3532	0.75
3533	0.75
3534	0.75
3535	0.75
3536	0.75
3537	0.75
3538	0.75
3539	0.75
3540	0.75
3541	0.75
3542	0.75
3543	0.784615
3544	0.75
3545	0.75
3546	0.75
3547	0.75
3548	0.75
3549	0.75
3550	0.75
3551	0.75
3552	0.75
3553	0.75
3554	0.75
3555	0.75
3556	0.75
3557	0.75
3558	0.75
3559	0.75
3560	0.576923
3561	0.75
3562	0.75
3563	0.75
3564	0.75
3565	0.576923
3566	0.75
3567	0.75
3568	0.621849
3569	0.75
3570	0.75
3571	0.705882
3572	0.75
3573	0.75
3574	0.75
3575	0.806452
3576	0.75
3577	0.75
3578	0.75
3579	0.75
3580	0.75
3581	0.75
3582	0.75
3583	0.75
3584	0.75
3585	0.8125
3586	0.75
3587	0.75
3588	0.75
3589	0.75
3590	0.75
3591	0.75
3592	0.75
3593	0.75
3594	0.75
3595	0.75
3596	0.75
3597	0.75
3598	0.75
3599	0.75
3600	0.75
3601	0.75
3602	0.75
3603	0.75
3604	0.75
3605	0.75
3606	0.75
3607	0.75
3608	0.75
3609	0.75
3610	0.75
3611	0.75
3612	0.75
3613	0.75
3614	0.75
3615	0.75
3616	0.75
3617	0.75
3618	0.75
3619	0.75
3620	0.75
3621	0.75
3622	0.75
3623	0.75
3624	0.75
3625	0.75
3626	0.75
3627	0.75
3628	0.75
3629	0.459016
3630	0.869565
3631	0.666667
3632	0.75
3633	0.75
3634	0.75
3635	0.75
3636	0.75
3637	0.75
3638	0.75
3639	0.742424
3640	0.75
3641	0.75
3642	0.75
3643	0.75
3644	0.75
3645	0.75
3646	0.75
3647	0.75
3648	0.75
3649	0.75
3650	0.75
3651	0.75
3652	0.725806
3653	0.75
3654	0.75
3655	0.75
3656	0.75
3657	0.75
3658	0.75
3659	0.75
3660	0.75
3661	0.75
3662	0.75
3663	0.75
3664	0.75
3665	0.75
3666	0.75
3667	0.75
3668	0.75
3669	0.75
3670	0.75
3671	0.75
3672	0.8
3673	0.75
3674	0.790698
3675	0.75
3676	0.75
3677	0.75
3678	0.75
3679	0.75
3680	0.75
3681	0.75
3682	0.75
3683	0.75
3684	0.75
3685	0.75
3686	0.75
3687	0.75
3688	0.75
3689	0.75
3690	0.75
3691	0.75
3692	0.75
3693	0.75
3694	0.75
3695	0.75
3696	0.75
3697	0.75
3698	0.75
3699	0.75
3700	0.75
3701	0.75
3702	0.75
3703	0.75
3704	0.75
3705	0.75
3706	0.75
3707	0.75
3708	0.75
3709	0.75
3710	0.75
3711	0.75
3712	0.75
3713	0.75
3714	0.75
3715	0.75
3716	0.75
3717	0.75
3718	0.75
3719	0.75
3720	0.75
3721	0.75
3722	0.75
3723	0.75
3724	0.75
3725	0.75
3726	0.75
3727	0.75
3728	0.861111
3729	0.75
3730	0.745098
3731	0.75
3732	0.58
3733	0.75
3734	0.75
3735	0.567568
3736	0.741935
3737	0.75
3738	0.75
3739	0.75
3740	0.75
3741	0.75
3742	0.75
3743	0.75
3744	0.75
3745	0.75
3746	0.75
3747	0.75
3748	0.75
3749	0.75
3750	0.75
3751	0.75
3752	0.75
3753	0.75
3754	0.75
3755	0.75
3756	0.75
3757	0.75
3758	0.75
3759	0.75
3760	0.75
3761	0.75
3762	0.75
3763	0.75
3764	0.75
3765	0.75
3766	0.75
3767	0.75
3768	0.75
3769	0.75
3770	0.657143
3771	0.75
3772	0.75
3773	0.75
3774	0.75
3775	0.75
3776	0.75
3777	0.75
3778	0.75
3779	0.75
3780	0.75
3781	0.857143
3782	0.75
3783	0.75
3784	0.75
3785	0.75
3786	0.75
3787	0.75
3788	0.75
3789	0.75
3790	0.75
3791	0.75
3792	0.75
3793	0.75
3794	0.75
3795	0.596154
3796	0.75
3797	0.914286
3798	0.75
3799	0.75
3800	0.75
3801	0.684211
3802	0.75
3803	0.555556
3804	0.684211
3805	0.75
3806	0.52
3807	0.75
3808	0.75
3809	0.769231
3810	0.75
3811	0.75
3812	0.75
3813	0.75
3814	0.75
3815	0.75
3816	0.75
3817	0.75
3818	0.75
3819	0.75
3820	0.75
3821	0.75
3822	0.75
3823	0.5625
3824	0.75
3825	0.765957
3826	0.727273
3827	0.75
3828	0.75
3829	0.75
3830	0.75
3831	0.75
3832	0.75
3833	0.75
3834	0.75
3835	0.75
3836	0.75
3837	0.75
3838	0.75
3839	0.709677
3840	0.75
3841	0.75
3842	0.914286
3843	0.75
3844	0.75
3845	0.75
3846	0.868421
3847	0.724138
3848	0.75
3849	0.75
3850	0.75
3851	0.75
3852	0.75
3853	0.75
3854	0.75
3855	0.75
3856	0.75
3857	0.75
3858	0.775362
3859	0.75
3860	0.75
3861	0.75
3862	0.75
3863	0.75
3864	0.75
3865	0.75
3866	0.75
3867	0.75
3868	0.75
3869	0.75
3870	0.75
3871	0.75
3872	0.75
3873	0.75
3874	0.75
3875	0.75
3876	0.778302
3877	0.75
3878	0.75
3879	0.783784
3880	0.75
3881	0.75
3882	0.75
3883	0.75
3884	0.75
3885	0.75
3886	0.75
3887	0.75
3888	0.75
3889	0.75
3890	0.75
3891	0.75
3892	0.75
3893	0.75
3894	0.75
3895	0.75
3896	0.75
3897	0.75
3898	0.75
3899	0.846154
3900	0.75
3901	0.75
3902	0.75
3903	0.75
3904	0.75
3905	0.75
3906	0.75
3907	0.75
3908	0.769231
3909	0.75
3910	0.788462
3911	0.75
3912	0.75
3913	0.75
3914	0.75
3915	0.75
3916	0.75
3917	0.75
3918	0.75
3919	0.75
3920	0.75
3921	0.75
3922	0.75
3923	0.75
3924	0.75
3925	0.75
3926	0.75
3927	0.75
3928	0.75
3929	0.75
3930	0.75
3931	0.75
3932	0.75
3933	0.75
3934	0.75
3935	0.75
3936	0.75
3937	0.75
3938	0.75
3939	0.75
3940	0.75
3941	0.75
3942	0.75
3943	0.75
3944	0.75
3945	0.75
3946	0.75
3947	0.75
3948	0.75
3949	0.75
3950	0.75
3951	0.75
3952	0.75
3953	0.75
3954	0.75
3955	0.75
3956	0.75
3957	0.75
3958	0.75
3959	0.75
3960	0.75
3961	0.75
3962	0.75
3963	0.75
3964	0.75
3965	0.75
3966	0.75
3967	0.75
3968	0.75
3969	0.75
3970	0.75
3971	0.75
3972	0.75
3973	0.75
3974	0.882353
3975	0.694915
3976	0.75
3977	0.75
3978	0.75
3979	0.75
3980	0.75
3981	0.75
3982	0.75
3983	0.75
3984	0.75
3985	0.75
3986	0.75
3987	0.75
3988	0.75
3989	0.75
3990	0.52381
3991	0.857143
3992	0.75
3993	0.75
3994	0.75
3995	0.75
3996	0.782609
3997	0.75
3998	0.75
3999	0.75
4000	0.75
4001	0.75
4002	0.75
4003	0.75
4004	0.75
4005	0.75
4006	0.75
4007	0.75
4008	0.6875
4009	0.75
4010	0.75
4011	0.75
4012	0.75
4013	0.75
4014	0.75
4015	0.75
4016	0.75
4017	0.75
4018	0.75
4019	0.75
4020	0.75
4021	0.75
4022	0.75
4023	0.75
4024	0.75
4025	0.75
4026	0.75
4027	0.75
4028	0.75
4029	0.75
4030	0.75
4031	0.75
4032	0.75
4033	0.75
4034	0.75
4035	0.75
4036	0.75
4037	0.75
4038	0.75
4039	0.75
4040	0.75
4041	0.75
4042	0.75
4043	0.75
4044	0.75
4045	0.75
4046	0.75
4047	0.729167
4048	0.75
4049	0.72093
4050	0.75
4051	0.75
4052	0.75
4053	0.75
4054	0.75
4055	0.75
4056	0.75
4057	0.806452
4058	0.75
4059	0.75
4060	0.75
4061	0.88
4062	0.75
4063	0.75
4064	0.759259
4065	0.75
4066	0.75
4067	0.75
4068	0.75
4069	0.75
4070	0.75
4071	0.75
4072	0.75
4073	0.75
4074	0.75
4075	0.75
4076	0.75
4077	0.75
4078	0.75
4079	0.75
4080	0.75
4081	0.75
4082	0.75
4083	0.571429
4084	0.75
4085	0.75
4086	0.75
4087	0.75
4088	0.75
4089	0.75
4090	0.75
4091	0.75
4092	0.75
4093	0.75
4094	0.75
4095	0.75
4096	0.75
4097	0.75
4098	0.75
4099	0.75
4100	0.75
4101	0.75
4102	0.75
4103	0.75
4104	0.75
4105	0.75
4106	0.75
4107	0.75
4108	0.938776
4109	0.75
4110	0.75
4111	0.75
4112	0.75
4113	0.75
4114	0.75
4115	0.75
4116	0.75
4117	0.75
4118	0.75
4119	0.75
4120	0.75
4121	0.75
4122	0.75
4123	0.75
4124	0.75
4125	0.75
4126	0.786517
4127	0.75
4128	0.75
4129	0.75
4130	0.75
4131	0.75
4132	0.75
4133	0.75
4134	0.75
4135	0.75
4136	0.75
4137	0.75
4138	0.75
4139	0.75
4140	0.75
4141	0.75
4142	0.75
4143	0.616
4144	0.75
4145	0.75
4146	0.75
4147	0.75
4148	0.652174
4149	0.75
4150	0.75
4151	0.75
4152	0.845361
4153	0.75
4154	0.75
4155	0.75
4156	0.75
4157	0.75
4158	0.75
4159	0.75
4160	0.75
4161	0.75
4162	0.75
4163	0.75
4164	0.75
4165	0.75
4166	0.75
4167	0.75
4168	0.75
4169	0.75
4170	0.75
4171	0.75
4172	0.75
4173	0.75
4174	0.75
4175	0.75
4176	0.75
4177	0.75
4178	0.75
4179	0.75
4180	0.75
4181	0.75
4182	0.75
4183	0.75
4184	0.75
4185	0.75
4186	0.75
4187	0.75
4188	0.885714
4189	0.75
4190	0.75
4191	0.75
4192	0.75
4193	0.75
4194	0.75
4195	0.75
4196	0.75
4197	0.75
4198	0.75
4199	0.75
4200	0.75
4201	0.75
4202	0.75
4203	0.75
4204	0.75
4205	0.75
4206	0.75
4207	0.75
4208	0.75
4209	0.75
4210	0.75
4211	0.75
4212	0.8125
4213	0.75
4214	0.75
4215	0.75
4216	0.75
4217	0.75
4218	0.75
4219	0.75
4220	0.75
4221	0.75
4222	0.75
4223	0.75
4224	0.75
4225	0.75
4226	0.75
4227	0.75
4228	0.75
4229	0.75
4230	0.75
4231	0.54
4232	0.75
4233	0.75
4234	0.75
4235	0.75
4236	0.75
4237	0.75
4238	0.75
4239	0.75
4240	0.75
4241	0.75
4242	0.75
4243	0.75
4244	0.75
4245	0.75
4246	0.75
4247	0.75
4248	0.75
4249	0.75
4250	0.75
4251	0.75
4252	0.75
4253	0.75
4254	0.75
4255	0.75
4256	0.75
4257	0.75
4258	0.75
4259	0.75
4260	0.75
4261	0.75
4262	0.75
4263	0.75
4264	0.75
4265	0.75
4266	0.75
4267	0.75
4268	0.75
4269	0.75
4270	0.75
4271	0.75
4272	0.75
4273	0.75
4274	0.75
4275	0.75
4276	0.75
4277	0.75
4278	0.75
4279	0.75
4280	0.75
4281	0.75
4282	0.75
4283	0.703297
4284	0.75
4285	0.75
4286	0.75
4287	0.75
4288	0.75
4289	0.75
4290	0.75
4291	0.75
4292	0.75
4293	0.75
4294	0.75
4295	0.711538
4296	0.75
4297	0.75
4298	0.75
4299	0.705882
4300	0.772727
4301	0.75
4302	0.75
4303	0.75
4304	0.75
4305	0.75
4306	0.794521
4307	0.75
4308	0.857143
4309	0.75
4310	0.830986
4311	0.75
4312	0.5
4313	0.75
4314	0.725
4315	0.75
4316	0.75
4317	0.75
4318	0.641791
4319	0.75
4320	0.654545
4321	0.75
4322	0.75
4323	0.75
4324	0.75
4325	0.75
4326	0.75
4327	0.75
4328	0.75
4329	0.75
4330	0.823529
4331	0.75
4332	0.75
4333	0.75
4334	0.75
4335	0.75
4336	0.75
4337	0.780488
4338	0.75
4339	0.75
4340	0.75
4341	0.75
4342	0.75
4343	0.569231
4344	0.75
4345	0.75
4346	0.75
4347	0.75
4348	0.75
4349	0.75
4350	0.75
4351	0.75
4352	0.75
4353	0.75
4354	0.75
4355	0.75
4356	0.75
4357	0.75
4358	0.75
4359	0.75
4360	0.75
4361	0.75
4362	0.75
4363	0.756098
4364	0.75
4365	0.747748
4366	0.75
4367	0.75
4368	0.532258
4369	0.75
4370	0.75
4371	0.75
4372	0.75
4373	0.75
4374	0.75
4375	0.75
4376	0.75
4377	0.536232
4378	0.75
4379	0.75
4380	0.75
4381	0.75
4382	0.439024
4383	0.75
4384	0.75
4385	0.6
4386	0.75
4387	0.640625
4388	0.75
4389	0.75
4390	0.652174
4391	0.930233
4392	0.75
4393	0.75
4394	0.75
4395	0.75
4396	0.75
4397	0.75
4398	0.408163
4399	0.75
4400	0.75
4401	0.75
4402	0.75
4403	0.75
4404	0.75
4405	0.75
4406	0.75
4407	0.75
4408	0.75
4409	0.75
4410	0.84
4411	0.75
4412	0.75
4413	0.751592
4414	0.75
4415	0.75
4416	0.75
4417	0.75
4418	0.75
4419	0.631579
4420	0.75
4421	0.75
4422	0.75
4423	0.75
4424	0.75
4425	0.75
4426	0.75
4427	0.75
4428	0.628571
4429	0.75
4430	0.75
4431	0.75
4432	0.75
4433	0.75
4434	0.75
4435	0.75
4436	0.75
4437	0.764706
4438	0.588235
4439	0.681818
4440	0.75
4441	0.617647
4442	0.75
4443	0.560606
4444	0.75
4445	0.75
4446	0.75
4447	0.75
4448	0.75
4449	0.75
4450	0.75
4451	0.75
4452	0.75
4453	0.75
4454	0.706897
4455	0.75
4456	0.75
4457	0.75
4458	0.75
4459	0.75
4460	0.75
4461	0.75
4462	0.75
4463	0.75
4464	0.75
4465	0.75
4466	0.75
4467	0.75
4468	0.54386
4469	0.75
4470	0.75
4471	0.75
4472	0.75
4473	0.75
4474	0.75
4475	0.909091
4476	0.75
4477	0.75
4478	0.75
4479	0.776699
4480	0.75
4481	0.75
4482	0.75
4483	0.932203
4484	0.75
4485	0.75
4486	0.975
4487	0.75
4488	0.75
4489	0.75
4490	0.75
4491	0.75
4492	0.885714
4493	0.384615
4494	0.75
4495	0.75
4496	0.75
4497	0.75
4498	0.75
4499	0.75
4500	0.75
4501	0.75
4502	0.8
4503	0.75
4504	0.75
4505	0.75
4506	0.75
4507	0.75
4508	0.75
4509	0.75
4510	0.75
4511	0.75
4512	0.47619
4513	0.813559
4514	0.75
4515	0.75
4516	0.75
4517	0.75
4518	0.75
4519	0.75
4520	0.75
4521	0.75
4522	0.75
4523	0.75
4524	0.75
4525	0.780702
4526	0.75
4527	0.75
4528	0.75
4529	0.75
4530	0.75
4531	0.75
4532	0.75
4533	0.75
4534	0.75
4535	0.75
4536	0.75
4537	0.75
4538	0.75
4539	0.75
4540	0.75
4541	0.75
4542	0.75
4543	0.75
4544	0.75
4545	0.75
4546	0.75
4547	0.75
4548	0.75
4549	0.75
4550	0.75
4551	0.823529
4552	0.75
4553	0.75
4554	0.75
4555	0.75
4556	0.75
4557	0.75
4558	0.75
4559	0.75
4560	0.75
4561	0.75
4562	0.75
4563	0.75
4564	0.75
4565	0.75
4566	0.75
4567	0.75
4568	0.75
4569	0.75
4570	0.75
4571	0.75
4572	0.75
4573	0.75
4574	0.75
4575	0.75
4576	0.75
4577	0.75
4578	0.875
4579	0.75
4580	0.75
4581	0.75
4582	0.75
4583	0.75
4584	0.75
4585	0.75
4586	0.75
4587	0.75
4588	0.75
4589	0.75
4590	0.75
4591	0.75
4592	0.75
4593	0.75
4594	0.75
4595	0.75
4596	0.75
4597	0.75
4598	0.75
4599	0.75
4600	0.75
4601	0.75
4602	0.75
4603	0.75
4604	0.75
4605	0.75
4606	0.75
4607	0.75
4608	0.75
4609	0.75
4610	0.75
4611	0.75
4612	0.75
4613	0.75
4614	0.75
4615	0.75
4616	0.75
4617	0.75
4618	0.75
4619	0.75
4620	0.75
4621	0.75
4622	0.75
4623	0.75
4624	0.75
4625	0.75
4626	0.847458
4627	0.75
4628	0.75
4629	0.75
4630	0.75
4631	0.75
4632	0.75
4633	0.75
4634	0.75
4635	0.657143
4636	0.75
4637	0.75
4638	0.75
4639	0.75
4640	0.75
4641	0.807018
4642	0.75
4643	0.75
4644	0.75
4645	0.75
4646	0.75
4647	0.75
4648	0.75
4649	0.75
4650	0.75
4651	0.771429
4652	0.75
4653	0.75
4654	0.75
4655	0.75
4656	0.75
4657	0.75
4658	0.428571
4659	0.75
4660	0.75
4661	0.75
4662	0.75
4663	0.716867
4664	0.75
4665	0.75
4666	0.75
4667	0.75
4668	0.766667
4669	0.75
4670	0.75
4671	0.769231
4672	0.696429
4673	0.78125
4674	0.833333
4675	0.75
4676	0.75
4677	0.75
4678	0.75
4679	0.75
4680	0.520833
4681	0.75
4682	0.75
4683	0.880952
4684	0.75
4685	0.75
4686	0.75
4687	0.75
4688	0.576923
4689	0.75
4690	0.75
4691	0.727273
4692	0.75
4693	0.75
4694	0.75
4695	0.75
4696	0.75
4697	0.666667
4698	0.75
4699	0.714286
4700	0.75
4701	0.652174
4702	0.772727
4703	0.88
4704	0.75
4705	0.75
4706	0.75
4707	0.709677
4708	0.75
4709	0.75
4710	0.75
4711	0.75
4712	0.75
4713	0.75
4714	0.75
4715	0.75
4716	0.75
4717	0.75
4718	0.75
4719	0.829787
4720	0.75
4721	0.75
4722	0.75
4723	0.75
4724	0.75
4725	0.75
4726	0.913043
4727	0.533333
4728	0.75
4729	0.612903
4730	0.75
4731	0.75
4732	0.75
4733	0.75
4734	0.75
4735	0.75
4736	0.75
4737	0.75
4738	0.75
4739	0.75
4740	0.75
4741	0.75
4742	0.75
4743	0.75
4744	0.75
4745	0.75
4746	0.75
4747	0.75
4748	0.75
4749	0.541176
4750	0.75
4751	0.75
4752	0.75
4753	0.75
4754	0.75
4755	0.75
4756	0.75
4757	0.75
4758	0.75
4759	0.75
4760	0.75
4761	0.75
4762	0.75
4763	0.75
4764	0.75
4765	0.75
4766	0.75
4767	0.75
4768	0.75
4769	0.75
4770	0.75
4771	0.857143
4772	0.75
4773	0.75
4774	0.75
4775	0.75
4776	0.75
4777	0.75
4778	0.619048
4779	0.625
4780	0.75
4781	0.75
4782	0.647059
4783	0.75
4784	0.75
4785	0.717391
4786	0.75
4787	0.75
4788	0.75
4789	0.75
4790	0.75
4791	0.923077
4792	0.75
4793	0.75
4794	0.75
4795	0.75
4796	0.75
4797	0.75
4798	0.75
4799	0.75
4800	0.75
4801	0.75
4802	0.75
4803	0.75
4804	0.75
4805	0.75
4806	0.654321
4807	0.8
4808	0.75
4809	0.69863
4810	0.654545
4811	0.75
4812	0.75
4813	0.75
4814	0.75
4815	0.75
4816	0.75
4817	0.75
4818	0.75
4819	0.75
4820	0.75
4821	0.75
4822	0.833333
4823	0.75
4824	0.75
4825	0.75
4826	0.75
4827	0.75
4828	0.75
4829	0.75
4830	0.75
4831	0.75
4832	0.75
4833	0.75
4834	0.75
4835	0.767442
4836	0.75
4837	0.75
4838	0.75
4839	0.75
4840	0.75
4841	0.75
4842	0.75
4843	0.75
4844	0.75
4845	0.75
4846	0.75
4847	0.75
4848	0.75
4849	0.75
4850	0.75
4851	0.75
4852	0.75
4853	0.75
4854	0.75
4855	0.75
4856	0.75
4857	0.75
4858	0.75
4859	0.75
4860	0.75
4861	0.75
4862	0.75
4863	0.75
4864	0.75
4865	0.75
4866	0.75
4867	0.75
4868	0.75
4869	0.75
4870	0.75
4871	0.75
4872	0.75
4873	0.75
4874	0.933333
4875	0.75
4876	0.75
4877	0.75
4878	0.75
4879	0.5625
4880	0.75
4881	0.75
4882	0.891892
4883	0.75
4884	0.75
4885	0.75
4886	0.75
4887	0.75
4888	0.75
4889	0.75
4890	0.75
4891	0.75
4892	0.75
4893	0.75
4894	0.75
4895	0.75
4896	0.629032
4897	0.75
4898	0.75
4899	0.75
4900	0.75
4901	0.75
4902	0.75
4903	0.75
4904	0.75
4905	0.75
4906	0.75
4907	0.75
4908	0.75
4909	0.75
4910	0.75
4911	0.75
4912	0.75
4913	0.75
4914	0.75
4915	0.75
4916	0.75
4917	0.75
4918	0.75
4919	0.75
4920	0.75
4921	0.75
4922	0.75
4923	0.75
4924	0.75
4925	0.75
4926	0.75
4927	0.75
4928	0.75
4929	0.75
4930	0.75
4931	0.75
4932	0.75
4933	0.75
4934	0.75
4935	0.75
4936	0.914894
4937	0.75
4938	0.75
4939	0.75
4940	0.75
4941	0.75
4942	0.75
4943	0.75
4944	0.75
4945	0.75
4946	0.75
4947	0.75
4948	0.75
4949	0.75
4950	0.75
4951	0.75
4952	0.75
4953	0.75
4954	0.75
4955	0.75
4956	0.75
4957	0.793578
4958	0.75
4959	0.75
4960	0.75
4961	0.75
4962	0.75
4963	0.75
4964	0.75
4965	0.75
4966	0.75
4967	0.75
4968	0.75
4969	0.75
4970	0.75
4971	0.75
4972	0.75
4973	0.75
4974	0.75
4975	0.75
4976	0.75
4977	0.75
4978	0.75
4979	0.75
4980	0.75
4981	0.75
4982	0.75
4983	0.75
4984	0.75
4985	0.75
4986	0.75
4987	0.75
4988	0.75
4989	0.75
4990	0.75
4991	0.75
4992	0.75
4993	0.75
4994	0.75
4995	0.75
4996	0.75
4997	0.75
4998	0.75
4999	0.75
5000	0.75
5001	0.75
5002	0.75
5003	0.75
5004	0.75
5005	0.75
5006	0.75
5007	0.75
5008	0.75
5009	0.75
5010	0.75
5011	0.75
5012	0.75
5013	0.75
5014	0.75
5015	0.75
5016	0.75
5017	0.75
5018	0.75
5019	0.75
5020	0.75
5021	0.75
5022	0.75
5023	0.75
5024	0.666667
5025	0.75
5026	0.75
5027	0.75
5028	0.75
5029	0.75
5030	0.75
5031	0.75
5032	0.75
5033	0.75
5034	0.75
5035	0.75
5036	0.75
5037	0.75
5038	0.75
5039	0.75
5040	0.75
5041	0.75
5042	0.75
5043	0.75
5044	0.75
5045	0.75
5046	0.75
5047	0.75
5048	0.75
5049	0.75
5050	0.75
5051	0.75
5052	0.75
5053	0.75
5054	0.75
5055	0.75
5056	0.75
5057	0.75
5058	0.75
5059	0.75
5060	0.75
5061	0.75
5062	0.75
5063	0.75
5064	0.75
5065	0.75
5066	0.75
5067	0.75
5068	0.75
5069	0.75
5070	0.75
5071	0.75
5072	0.75
5073	0.75
5074	0.75
5075	0.75
5076	0.75
5077	0.75
5078	0.75
5079	0.75
5080	0.75
5081	0.75
5082	0.75
5083	0.75
5084	0.75
5085	0.75
5086	0.75
5087	0.75
5088	0.75
5089	0.75
5090	0.75
5091	0.75
5092	0.75
5093	0.75
5094	0.75
5095	0.75
5096	0.75
5097	0.75
5098	0.75
5099	0.75
5100	0.75
5101	0.75
5102	0.75
5103	0.75
5104	0.75
5105	0.75
5106	0.75
5107	0.75
5108	0.75
5109	0.75
5110	0.75
5111	0.75
5112	0.75
5113	0.588235
5114	0.75
5115	0.75
5116	0.75
5117	0.75
5118	0.75
5119	0.842105
5120	0.75
5121	0.75
5122	0.75
5123	0.75
5124	0.75
5125	0.75
5126	0.75
5127	0.75
5128	0.75
5129	0.75
5130	0.75
5131	0.75
5132	0.75
5133	0.75
5134	0.75
5135	0.75
5136	0.75
5137	0.75
5138	0.75
5139	0.75
5140	0.75
5141	0.75
5142	0.75
5143	0.75
5144	0.75
5145	0.75
5146	0.730337
5147	0.75
5148	0.75
5149	0.75
5150	0.75
5151	0.659091
5152	0.75
5153	0.75
5154	0.75
5155	0.75
5156	0.75
5157	0.75
5158	0.75
5159	0.75
5160	0.75
5161	0.890909
5162	0.75
5163	0.75
5164	0.75
5165	0.75
5166	0.75
5167	0.75
5168	0.75
5169	0.75
5170	0.75
5171	0.75
5172	0.75
5173	0.75
5174	0.75
5175	0.75
5176	0.75
5177	0.75
5178	0.75
5179	0.5625
5180	0.75
5181	0.75
5182	0.75
5183	0.75
5184	0.86
5185	0.75
5186	0.75
5187	0.75
5188	0.75
5189	0.75
5190	0.75
5191	0.75
5192	0.75
5193	0.75
5194	0.75
5195	0.75
5196	0.75
5197	0.75
5198	0.75
5199	0.75
5200	0.666667
5201	0.75
5202	0.75
5203	0.75
5204	0.75
5205	0.75
5206	0.75
5207	0.75
5208	0.827586
5209	0.75
5210	0.75
5211	0.75
5212	0.75
5213	0.75
5214	0.75
5215	0.75
5216	0.75
5217	0.75
5218	0.75
5219	0.75
5220	0.75
5221	0.75
5222	0.75
5223	0.75
5224	0.875
5225	0.62963
5226	0.714286
5227	0.857143
5228	0.75
5229	0.75
5230	0.75
5231	0.75
5232	0.592593
5233	0.75
5234	0.75
5235	0.789474
5236	0.75
5237	0.75
5238	0.75
5239	0.657143
5240	0.75
5241	0.75
5242	0.75
5243	0.75
5244	0.75
5245	0.75
5246	0.75
5247	0.75
5248	0.75
5249	0.75
5250	0.75
5251	0.75
5252	0.75
5253	0.75
5254	0.75
5255	0.75
5256	0.75
5257	0.745763
5258	0.75
5259	0.75
5260	0.75
5261	0.75
5262	0.75
5263	0.75
5264	0.75
5265	0.75
5266	0.75
5267	0.75
5268	0.75
5269	0.75
5270	0.75
5271	0.75
5272	0.75
5273	0.75
5274	0.75
5275	0.75
5276	0.75
5277	0.75
5278	0.75
5279	0.75
5280	0.75
5281	0.75
5282	0.75
5283	0.75
5284	0.75
5285	0.75
5286	0.75
5287	0.75
5288	0.75
5289	0.75
5290	0.75
5291	0.75
5292	0.75
5293	0.75
5294	0.75
5295	0.75
5296	0.75
5297	0.75
5298	0.75
5299	0.75
5300	0.75
5301	0.75
5302	0.75
5303	0.75
5304	0.75
5305	0.75
5306	0.75
5307	0.75
5308	0.75
5309	0.75
5310	0.75
5311	0.75
5312	0.75
5313	0.75
5314	0.75
5315	0.75
5316	0.75
5317	0.75
5318	0.75
5319	0.75
5320	0.75
5321	0.75
5322	0.75
5323	0.741935
5324	0.75
5325	0.75
5326	0.75
5327	0.75
5328	0.75
5329	0.75
5330	0.884615
5331	0.75
5332	0.926829
5333	0.75
5334	0.75
5335	0.75
5336	0.75
5337	0.75
5338	0.75
5339	0.75
5340	0.75
5341	0.75
5342	0.75
5343	0.75
5344	0.75
5345	0.75
5346	0.75
5347	0.75
5348	0.75
5349	0.75
5350	0.75
5351	0.472727
5352	0.75
5353	0.75
5354	0.75
5355	0.75
5356	0.75
5357	0.75
5358	0.75
5359	0.75
5360	0.75
5361	0.75
5362	0.75
5363	0.75
5364	0.75
5365	0.75
5366	0.75
5367	0.75
5368	0.75
5369	0.9
5370	0.75
5371	0.75
5372	0.75
5373	0.75
5374	0.75
5375	0.945455
5376	0.75
5377	0.75
5378	0.75
5379	0.75
5380	0.75
5381	0.75
5382	0.75
5383	0.75
5384	0.75
5385	0.75
5386	0.75
5387	0.75
5388	0.75
5389	0.75
5390	0.75
5391	0.75
5392	0.75
5393	0.75
5394	0.75
5395	0.75
5396	0.75
5397	0.75
5398	0.75
5399	0.75
5400	0.75
5401	0.75
5402	0.75
5403	0.75
5404	0.75
5405	0.75
5406	0.75
5407	0.75
5408	0.75
5409	0.75
5410	0.75
5411	0.75
5412	0.75
5413	0.75
5414	0.75
5415	0.75
5416	0.75
5417	0.75
5418	0.75
5419	0.75
5420	0.75
5421	0.441176
5422	0.75
5423	0.75
5424	0.75
5425	0.75
5426	0.75
5427	0.75
5428	0.75
5429	0.75
5430	0.75
5431	0.75
5432	0.75
5433	0.75
5434	0.75
5435	0.75
5436	0.75
5437	0.75
5438	0.75
5439	0.75
5440	0.75
5441	0.75
5442	0.75
5443	0.75
5444	0.75
5445	0.75
5446	0.75
5447	0.75
5448	0.75
5449	0.75
5450	0.75
5451	0.75
5452	0.75
5453	0.75
5454	0.75
5455	0.75
5456	0.659574
5457	0.75
5458	0.75
5459	0.75
5460	0.75
5461	0.75
5462	0.75
5463	0.75
5464	0.75
5465	0.75
5466	0.75
5467	0.75
5468	0.806452
5469	0.75
5470	0.75
5471	0.75
5472	0.75
5473	0.75
5474	0.75
5475	0.75
5476	0.75
5477	0.75
5478	0.75
5479	0.75
5480	0.75
5481	0.75
5482	0.75
5483	0.75
5484	0.75
5485	0.75
5486	0.75
5487	0.75
5488	0.75
5489	0.75
5490	0.75
5491	0.75
5492	0.75
5493	0.75
5494	0.75
5495	0.75
5496	0.75
5497	0.75
5498	0.75
5499	0.75
5500	0.75
5501	0.75
5502	0.75
5503	0.75
5504	0.930233
5505	0.75
5506	0.75
5507	0.75
5508	0.75
5509	0.75
5510	0.75
5511	0.75
5512	0.75
5513	0.75
5514	0.75
5515	0.75
5516	0.75
5517	0.75
5518	0.75
5519	0.75
5520	0.75
5521	0.75
5522	0.75
5523	0.75
5524	0.75
5525	0.75
5526	0.75
5527	0.75
5528	0.75
5529	0.75
5530	0.75
5531	0.75
5532	0.75
5533	0.75
5534	0.75
5535	0.75
5536	0.75
5537	0.75
5538	0.75
5539	0.75
5540	0.75
5541	0.75
5542	0.75
5543	0.673469
5544	0.75
5545	0.75
5546	0.75
5547	0.75
5548	0.75
5549	0.75
5550	0.75
5551	0.75
5552	0.75
5553	0.75
5554	0.75
5555	0.75
5556	0.75
5557	0.75
5558	0.75
5559	0.75
5560	0.75
5561	0.75
5562	0.75
5563	0.75
5564	0.75
5565	0.857143
5566	0.604167
5567	0.75
5568	0.75
5569	0.75
5570	0.75
5571	0.75
5572	0.75
5573	0.75
5574	0.75
5575	0.75
5576	0.75
5577	0.75
5578	0.578947
5579	0.75
5580	0.75
5581	0.75
5582	0.75
5583	0.75
5584	0.75
5585	0.75
5586	0.75
5587	0.75
5588	0.75
5589	0.75
5590	0.75
5591	0.75
5592	0.75
5593	0.75
5594	0.75
5595	0.75
5596	0.75
5597	0.928571
5598	0.75
5599	0.75
5600	0.75
5601	0.75
5602	0.75
5603	0.75
5604	0.75
5605	0.75
5606	0.75
5607	0.75
5608	0.75
5609	0.75
5610	0.75
5611	0.877551
5612	0.75
5613	0.75
5614	0.75
5615	0.75
5616	0.75
5617	0.75
5618	0.75
5619	0.75
5620	0.75
5621	0.75
5622	0.75
5623	0.75
5624	0.75
5625	0.75
5626	0.698113
5627	0.75
5628	0.75
5629	0.75
5630	0.75
5631	0.75
5632	0.75
5633	0.75
5634	0.75
5635	0.75
5636	0.75
5637	0.75
5638	0.75
5639	0.75
5640	0.75
5641	0.75
5642	0.858974
5643	0.75
5644	0.75
5645	0.75
5646	0.75
5647	0.75
5648	0.75
5649	0.759036
5650	0.75
5651	0.75
5652	0.75
5653	0.75
5654	0.75
5655	0.75
5656	0.75
5657	0.75
5658	0.75
5659	0.75
5660	0.75
5661	0.75
5662	0.75
5663	0.75
5664	0.75
5665	0.75
5666	0.75
5667	0.75
5668	0.75
5669	0.75
5670	0.75
5671	0.75
5672	0.75
5673	0.75
5674	0.75
5675	0.75
5676	0.75
5677	0.75
5678	0.75
5679	0.75
5680	0.75
5681	0.75
5682	0.75
5683	0.75
5684	0.683333
5685	0.75
5686	0.75
5687	0.75
5688	0.75
5689	0.75
5690	0.75
5691	0.75
5692	0.75
5693	0.75
5694	0.75
5695	0.75
5696	0.75
5697	0.75
5698	0.724138
5699	0.75
5700	0.923077
5701	0.75
5702	0.75
5703	0.75
5704	0.75
5705	0.75
5706	0.75
5707	0.75
5708	0.75
5709	0.75
5710	0.75
5711	0.75
5712	0.75
5713	0.75
5714	0.75
5715	0.75
5716	0.75
5717	0.75
5718	0.75
5719	0.75
5720	0.75
5721	0.75
5722	0.75
5723	0.75
5724	0.75
5725	0.75
5726	0.75
5727	0.75
5728	0.75
5729	0.75
5730	0.75
5731	0.75
5732	0.75
5733	0.75
5734	0.670213
5735	0.75
5736	0.75
5737	0.75
5738	0.75
5739	0.75
5740	0.75
5741	0.75
5742	0.75
5743	0.75
5744	0.75
5745	0.75
5746	0.75
5747	0.75
5748	0.75
5749	0.75
5750	0.75
5751	0.75
5752	0.75
5753	0.813953
5754	0.75
5755	0.75
5756	0.75
5757	0.75
5758	0.75
5759	0.75
5760	0.75
5761	0.75
5762	0.75
5763	0.75
5764	0.75
5765	0.75
5766	0.75
5767	0.75
5768	0.893617
5769	0.75
5770	0.75
5771	0.75
5772	0.75
5773	0.75
5774	0.75
5775	0.75
5776	0.75
5777	0.75
5778	0.827586
5779	0.75
5780	0.75
5781	0.75
5782	0.673684
5783	0.75
5784	0.75
5785	0.75
5786	0.75
5787	0.75
5788	0.75
5789	0.75
5790	0.75
5791	0.75
5792	0.75
5793	0.75
5794	0.75
5795	0.75
5796	0.75
5797	0.75
5798	0.75
5799	0.75
5800	0.276923
5801	0.75
5802	0.75
5803	0.75
5804	0.75
5805	0.75
5806	0.75
5807	0.75
5808	0.75
5809	0.75
5810	0.75
5811	0.75
5812	0.75
5813	0.75
5814	0.75
5815	0.75
5816	0.75
5817	0.75
5818	0.75
5819	0.75
5820	0.8
5821	0.888889
5822	0.75
5823	0.75
5824	0.75
5825	0.75
5826	0.75
5827	0.75
5828	0.75
5829	0.75
5830	0.75
5831	0.75
5832	0.75
5833	0.75
5834	0.75
5835	0.75
5836	0.75
5837	0.75
5838	0.75
5839	0.75
5840	0.75
5841	0.75
5842	0.75
5843	0.75
5844	0.75
5845	0.75
5846	0.75
5847	0.75
5848	0.75
5849	0.75
5850	0.75
5851	0.75
5852	0.75
5853	0.75
5854	0.75
5855	0.75
5856	0.75
5857	0.75
5858	0.75
5859	0.75
5860	0.75
5861	0.75
5862	0.75
5863	0.75
5864	0.75
5865	0.75
5866	0.75
5867	0.75
5868	0.75
5869	0.75
5870	0.75
5871	0.75
5872	0.75
5873	0.719512
5874	0.75
5875	0.75
5876	0.75
5877	0.862069
5878	0.75
5879	0.75
5880	0.75
5881	0.75
5882	0.75
5883	0.75
5884	0.75
5885	0.75
5886	0.75
5887	0.75
5888	0.75
5889	0.75
5890	0.75
5891	0.75
5892	0.75
5893	0.75
5894	0.75
5895	0.685185
5896	0.5
5897	0.75
5898	0.75
5899	0.75
5900	0.75
5901	0.75
5902	0.75
5903	0.75
5904	0.75
5905	0.75
5906	0.75
5907	0.75
5908	0.75
5909	0.75
5910	0.75
5911	0.75
5912	0.75
5913	0.75
5914	0.75
5915	0.75
5916	0.813333
5917	0.75
5918	0.75
5919	0.569231
5920	0.75
5921	0.75
5922	0.75
5923	0.75
5924	0.75
5925	0.75
5926	0.75
5927	0.75
5928	0.75
5929	0.75
5930	0.75
5931	0.75
5932	0.75
5933	0.75
5934	0.75
5935	0.75
5936	0.75
5937	0.75
5938	0.75
5939	0.75
5940	0.75
5941	0.75
5942	0.75
5943	0.75
5944	0.75
5945	0.659091
5946	0.75
5947	0.75
5948	0.75
5949	0.75
5950	0.75
5951	0.75
5952	0.75
5953	0.75
5954	0.75
5955	0.761194
5956	0.75
5957	0.75
5958	0.75
5959	0.75
5960	0.75
5961	0.75
5962	0.75
5963	0.75
5964	0.75
5965	0.75
5966	0.75
5967	0.75
5968	0.75
5969	0.753623
5970	0.75
5971	0.75
5972	0.75
5973	0.75
5974	0.75
5975	0.75
5976	0.75
5977	0.75
5978	0.75
5979	0.75
5980	0.75
5981	0.545455
5982	0.75
5983	0.75
5984	0.75
5985	0.75
5986	0.75
5987	0.75
5988	0.75
5989	0.75
5990	0.75
5991	0.75
5992	0.75
5993	0.75
5994	0.75
5995	0.75
5996	0.75
5997	0.75
5998	0.75
5999	0.75
6000	0.75
6001	0.75
6002	0.75
6003	0.75
6004	0.75
6005	0.75
6006	0.75
6007	0.75
6008	0.75
6009	0.75
6010	0.75
6011	0.774648
6012	0.75
6013	0.75
6014	0.75
6015	0.9375
6016	0.75
6017	0.75
6018	0.75
6019	0.75
6020	0.75
6021	0.75
6022	0.75
6023	0.75
6024	0.75
6025	0.75
6026	0.75
6027	0.733333
6028	0.414634
6029	0.75
6030	0.75
6031	0.810345
6032	0.625
6033	0.75
6034	0.95
6035	0.75
6036	0.75
6037	0.75
6038	0.75
6039	0.75
6040	0.75
6041	0.75
6042	0.75
6043	0.75
6044	0.75
6045	0.75
6046	0.75
6047	0.75
6048	0.75
6049	0.75
6050	0.75
6051	0.75
6052	0.75
6053	0.75
6054	0.75
6055	0.75
6056	0.75
6057	0.75
6058	0.75
6059	0.75
6060	0.75
6061	0.75
6062	0.666667
6063	0.75
6064	0.75
6065	0.75
6066	0.75
6067	0.75
6068	0.75
6069	0.75
6070	0.75
6071	0.75
6072	0.75
6073	0.75
6074	0.75
6075	0.75
6076	0.75
6077	0.75
6078	0.75
6079	0.75
6080	0.75
6081	0.75
6082	0.75
6083	0.75
6084	0.75
6085	0.75
6086	0.75
6087	0.75
6088	0.75
6089	0.75
6090	0.75
6091	0.75
6092	0.75
6093	0.75
6094	0.75
6095	0.75
6096	0.75
6097	0.75
6098	0.75
6099	0.75
6100	0.75
6101	0.75
6102	0.75
6103	0.75
6104	0.75
6105	0.75
6106	0.75
6107	0.75
6108	0.75
6109	0.75
6110	0.75
6111	0.75
6112	0.75
6113	0.75
6114	0.75
6115	0.75
6116	0.75
6117	0.75
6118	0.75
6119	0.75
6120	0.75
6121	0.75
6122	0.75
6123	0.75
6124	0.804348
6125	0.893617
6126	0.75
6127	0.75
6128	0.75
6129	0.75
6130	0.75
6131	0.75
6132	0.75
6133	0.75
6134	0.75
6135	0.75
6136	0.75
6137	0.75
6138	0.75
6139	0.75
6140	0.810127
6141	0.75
6142	0.75
6143	0.75
6144	0.75
6145	0.75
6146	0.75
6147	0.75
6148	0.75
6149	0.75
6150	0.75
6151	0.75
6152	0.75
6153	0.75
6154	0.826923
6155	0.75
6156	0.75
6157	0.75
6158	0.75
6159	0.75
6160	0.477612
6161	0.75
6162	0.808219
6163	0.75
6164	0.75
6165	0.75
6166	0.75
6167	0.75
6168	0.75
6169	0.75
6170	0.75
6171	0.75
6172	0.75
6173	0.75
6174	0.75
6175	0.75
6176	0.75
6177	0.75
6178	0.75
6179	0.75
6180	0.75
6181	0.75
6182	0.75
6183	0.75
6184	0.75
6185	0.75
6186	0.634146
6187	0.75
6188	0.8
6189	0.75
6190	0.75
6191	0.75
6192	0.75
6193	0.75
6194	0.75
6195	0.75
6196	0.75
6197	0.75
6198	0.75
6199	0.75
6200	0.75
6201	0.75
6202	0.75
6203	0.75
6204	0.75
6205	0.75
6206	0.75
6207	0.75
6208	0.75
6209	0.75
6210	0.75
6211	0.75
6212	0.75
6213	0.75
6214	0.75
6215	0.75
6216	0.75
6217	0.75
6218	0.75
6219	0.75
6220	0.75
6221	0.75
6222	0.75
6223	0.757576
6224	0.75
6225	0.75
6226	0.75
6227	0.75
6228	0.75
6229	0.75
6230	0.75
6231	0.75
6232	0.75
6233	0.75
6234	0.75
6235	0.75
6236	0.75
6237	0.75
6238	0.75
6239	0.75
6240	0.75
6241	0.75
6242	0.75
6243	0.75
6244	0.75
6245	0.75
6246	0.75
6247	0.75
6248	0.75
6249	0.75
6250	0.75
6251	0.75
6252	0.75
6253	0.75
6254	0.75
6255	0.75
6256	0.75
6257	0.75
6258	0.75
6259	0.75
6260	0.75
6261	0.75
6262	0.75
6263	0.75
6264	0.75
6265	0.75
6266	0.75
6267	0.75
6268	0.75
6269	0.75
6270	0.564103
6271	0.75
6272	0.75
6273	0.590909
6274	0.75
6275	0.75
6276	0.75
6277	0.75
6278	0.75
6279	0.75
6280	0.75
6281	0.75
6282	0.75
6283	0.75
6284	0.724138
6285	0.75
6286	0.75
6287	0.75
6288	0.75
6289	0.75
6290	0.75
6291	0.75
6292	0.360656
6293	0.75
6294	0.75
6295	0.754098
6296	0.75
6297	0.75
6298	0.6
6299	0.75
6300	0.75
6301	0.75
6302	0.75
6303	0.75
6304	0.75
6305	0.75
6306	0.75
6307	0.396947
6308	0.75
6309	0.75
6310	0.75
6311	0.75
6312	0.540541
6313	0.75
6314	0.75
6315	0.75
6316	0.75
6317	0.75
6318	0.75
6319	0.75
6320	0.75
6321	0.75
6322	0.75
6323	0.75
6324	0.75
6325	0.75
6326	0.75
6327	0.75
6328	0.75
6329	0.75
6330	0.75
6331	0.75
6332	0.75
6333	0.75
6334	0.75
6335	0.75
6336	0.75
6337	0.75
6338	0.75
6339	0.75
6340	0.75
6341	0.75
6342	0.75
6343	0.75
6344	0.75
6345	0.75
6346	0.75
6347	0.75
6348	0.75
6349	0.75
6350	0.75
6351	0.75
6352	0.75
6353	0.582278
6354	0.75
6355	0.75
6356	0.75
6357	0.75
6358	0.75
6359	0.75
6360	0.75
6361	0.75
6362	0.75
6363	0.75
6364	0.75
6365	0.75
6366	0.75
6367	0.75
6368	0.75
6369	0.75
6370	0.75
6371	0.75
6372	0.75
6373	0.75
6374	0.75
6375	0.75
6376	0.75
6377	0.75
6378	0.75
6379	0.75
6380	0.75
6381	0.75
6382	0.791667
6383	0.75
6384	0.75
6385	0.75
6386	0.75
6387	0.75
6388	0.75
6389	0.75
6390	0.894737
6391	0.75
6392	0.75
6393	0.75
6394	0.75
6395	0.75
6396	0.75
6397	0.75
6398	0.5
6399	0.75
6400	0.75
6401	0.75
6402	0.75
6403	0.75
6404	0.75
6405	0.75
6406	0.75
6407	0.75
6408	0.75
6409	0.75
6410	0.75
6411	0.75
6412	0.75
6413	0.75
6414	0.75
6415	0.75
6416	0.75
6417	0.75
6418	0.75
6419	0.75
6420	0.75
6421	0.75
6422	0.75
6423	0.75
6424	0.75
6425	0.75
6426	0.75
6427	0.75
6428	0.75
6429	0.75
6430	0.75
6431	0.75
6432	0.761905
6433	0.75
6434	0.75
6435	0.75
6436	0.75
6437	0.829268
6438	0.652174
6439	0.75
6440	0.891892
6441	0.75
6442	0.75
6443	0.75
6444	0.75
6445	0.75
6446	0.75
6447	0.75
6448	0.75
6449	0.75
6450	0.75
6451	0.75
6452	0.75
6453	0.75
6454	0.75
6455	0.75
6456	0.868217
6457	0.75
6458	0.75
6459	0.736842
6460	0.75
6461	0.75
6462	0.84
6463	0.75
6464	0.75
6465	0.761589
6466	0.75
6467	0.75
6468	0.75
6469	0.75
6470	0.75
6471	0.75
6472	0.75
6473	0.75
6474	0.75
6475	0.75
6476	0.75
6477	0.75
6478	0.75
6479	0.75
6480	0.75
6481	0.75
6482	0.75
6483	0.75
6484	0.75
6485	0.75
6486	0.75
6487	0.75
6488	0.75
6489	0.75
6490	0.75
6491	0.75
6492	0.75
6493	0.75
6494	0.75
6495	0.75
6496	0.75
6497	0.75
6498	0.75
6499	0.314286
6500	0.75
6501	0.75
6502	0.75
6503	0.75
6504	0.75
6505	0.75
6506	0.75
6507	0.75
6508	0.75
6509	0.75
6510	0.75
6511	0.75
6512	0.75
6513	0.75
6514	0.75
6515	0.645455
6516	0.75
6517	0.75
6518	0.784314
6519	0.75
6520	0.75
6521	0.75
6522	0.75
6523	0.75
6524	0.75
6525	0.75
6526	0.474359
6527	0.75
6528	0.75
6529	0.461538
6530	0.75
6531	0.75
6532	0.75
6533	0.75
6534	0.579365
6535	0.75
6536	0.75
6537	0.75
6538	0.75
6539	0.75
6540	0.75
6541	0.787879
6542	0.75
6543	0.75
6544	0.75
6545	0.75
6546	0.75
6547	0.75
6548	0.714286
6549	0.643678
6550	0.75
6551	0.75
6552	0.75
6553	0.75
6554	0.75
6555	0.75
6556	0.75
6557	0.75
6558	0.75
6559	0.75
6560	0.75
6561	0.75
6562	0.75
6563	0.75
6564	0.695035
6565	0.833333
6566	0.808511
6567	0.75
6568	0.75
6569	0.75
6570	0.75
6571	0.75
6572	0.75
6573	0.75
6574	0.75
6575	0.75
6576	0.75
6577	0.75
6578	0.75
6579	0.75
6580	0.75
6581	0.75
6582	0.75
6583	0.75
6584	0.75
6585	0.75
6586	0.75
6587	0.75
6588	0.75
6589	0.75
6590	0.75
6591	0.75
6592	0.75
6593	0.75
6594	0.75
6595	0.75
6596	0.75
6597	0.645161
6598	0.75
6599	0.75
6600	0.75
6601	0.75
6602	0.75
6603	0.551724
6604	0.75
6605	0.75
6606	0.75
6607	0.75
6608	0.75
6609	0.75
6610	0.75
6611	0.75
6612	0.75
6613	0.75
6614	0.75
6615	0.75
6616	0.75
6617	0.75
6618	0.75
6619	0.75
6620	0.75
6621	0.75
6622	0.75
6623	0.75
6624	0.75
6625	0.75
6626	0.75
6627	0.75
6628	0.75
6629	0.75
6630	0.75
6631	0.75
6632	0.75
6633	0.75
6634	0.75
6635	0.75
6636	0.75
6637	0.75
6638	0.75
6639	0.75
6640	0.75
6641	0.75
6642	0.281553
6643	0.75
6644	0.75
6645	0.75
6646	0.75
6647	0.75
6648	0.75
6649	0.75
6650	0.75
6651	0.75
6652	0.818182
6653	0.75
6654	0.75
6655	0.75
6656	0.75
6657	0.75
6658	0.75
6659	0.75
6660	0.75
6661	0.75
6662	0.75
6663	0.75
6664	0.75
6665	0.75
6666	0.75
6667	0.75
6668	0.75
6669	0.75
6670	0.75
6671	0.75
6672	0.75
6673	0.75
6674	0.75
6675	0.75
6676	0.75
6677	0.75
6678	0.75
6679	0.75
6680	0.75
6681	0.75
6682	0.75
6683	0.75
6684	0.75
6685	0.75
6686	0.75
6687	0.75
6688	0.75
6689	0.647887
6690	0.75
6691	0.75
6692	0.75
6693	0.75
6694	0.75
6695	0.75
6696	0.75
6697	0.75
6698	0.75
6699	0.75
6700	0.75
6701	0.666667
6702	0.75
6703	0.75
6704	0.72093
6705	0.75
6706	0.75
6707	0.75
6708	0.636364
6709	0.75
6710	0.75
6711	0.75
6712	0.75
6713	0.75
6714	0.75
6715	0.75
6716	0.75
6717	0.75
6718	0.75
6719	0.75
6720	0.75
6721	0.75
6722	0.75
6723	0.75
6724	0.75
6725	0.75
6726	0.75
6727	0.75
6728	0.75
6729	0.75
6730	0.75
6731	0.75
6732	0.75
6733	0.75
6734	0.636364
6735	0.75
6736	0.75
6737	0.75
6738	0.75
6739	0.75
6740	0.75
6741	0.75
6742	0.75
6743	0.75
6744	0.75
6745	0.75
6746	0.75
6747	0.75
6748	0.75
6749	0.75
6750	0.75
6751	0.75
6752	0.75
6753	0.75
6754	0.75
6755	0.75
6756	0.75
6757	0.75
6758	0.75
6759	0.75
6760	0.75
6761	0.75
6762	0.75
6763	0.75
6764	0.75
6765	0.75
6766	0.75
6767	0.75
6768	0.75
6769	0.75
6770	0.75
6771	0.75
6772	0.75
6773	0.75
6774	0.75
6775	0.75
6776	0.75
6777	0.75
6778	0.75
6779	0.75
6780	0.75
6781	0.75
6782	0.75
6783	0.75
6784	0.75
6785	0.75
6786	0.75
6787	0.75
6788	0.75
6789	0.75
6790	0.75
6791	0.75
6792	0.75
6793	0.75
6794	0.75
6795	0.75
6796	0.75
6797	0.75
6798	0.75
6799	0.75
6800	0.75
6801	0.690476
6802	0.75
6803	0.75
6804	0.75
6805	0.75
6806	0.75
6807	0.75
6808	0.75
6809	0.75
6810	0.75
6811	0.75
6812	0.75
6813	0.75
6814	0.75
6815	0.75
6816	0.75
6817	0.75
6818	0.75
6819	0.75
6820	0.5625
6821	0.75
6822	0.75
6823	0.75
6824	0.75
6825	0.75
6826	0.75
6827	0.75
6828	0.75
6829	0.75
6830	0.75
6831	0.75
6832	0.75
6833	0.75
6834	0.75
6835	0.75
6836	0.75
6837	0.75
6838	0.75
6839	0.75
6840	0.75
6841	0.75
6842	0.75
6843	0.75
6844	0.75
6845	0.75
6846	0.75
6847	0.75
6848	0.75
6849	0.75
6850	0.75
6851	0.75
6852	0.75
6853	0.75
6854	0.695652
6855	0.75
6856	0.75
6857	0.75
6858	0.75
6859	0.75
6860	0.769231
6861	0.75
6862	0.75
6863	0.75
6864	0.75
6865	0.75
6866	0.75
6867	0.75
6868	0.75
6869	0.75
6870	0.75
6871	0.75
6872	0.75
6873	0.75
6874	0.75
6875	0.75
6876	0.75
6877	0.75
6878	0.75
6879	0.75
6880	0.75
6881	0.75
6882	0.75
6883	0.75
6884	0.75
6885	0.75
6886	0.75
6887	0.75
6888	0.75
6889	0.75
6890	0.75
6891	0.75
6892	0.75
6893	0.75
6894	0.75
6895	0.447761
6896	0.75
6897	0.75
6898	0.75
6899	0.75
6900	0.75
6901	0.75
6902	0.75
6903	0.75
6904	0.75
6905	0.75
6906	0.833333
6907	0.75
6908	0.75
6909	0.75
6910	0.75
6911	0.75
6912	0.75
6913	0.75
6914	0.75
6915	0.75
6916	0.75
6917	0.658537
6918	0.75
6919	0.75
6920	0.75
6921	0.75
6922	0.75
6923	0.75
6924	0.75
6925	0.666667
6926	0.75
6927	0.75
6928	0.75
6929	0.75
6930	0.75
6931	0.75
6932	0.75
6933	0.75
6934	0.75
6935	0.75
6936	0.75
6937	0.75
6938	0.75
6939	0.75
6940	0.75
6941	0.75
6942	0.75
6943	0.75
6944	0.75
6945	0.75
6946	0.75
6947	0.75
6948	0.75
6949	0.75
6950	0.75
6951	0.75
6952	0.75
6953	0.75
6954	0.75
6955	0.75
6956	0.75
6957	0.75
6958	0.75
6959	0.75
6960	0.75
6961	0.75
6962	0.75
6963	0.75
6964	0.769231
6965	0.75
6966	0.75
6967	0.71875
6968	0.75
6969	0.75
6970	0.75
6971	0.75
6972	0.75
6973	0.75
6974	0.75
6975	0.75
6976	0.75
6977	0.75
6978	0.75
6979	0.75
6980	0.75
6981	0.75
6982	0.75
6983	0.75
6984	0.75
6985	0.75
6986	0.75
6987	0.75
6988	0.75
6989	0.75
6990	0.75
6991	0.75
6992	0.75
6993	0.75
6994	0.75
6995	0.75
6996	0.75
6997	0.75
6998	0.75
6999	0.75
7000	0.75
7001	0.75
7002	0.75
7003	0.75
7004	0.75
7005	0.75
7006	0.75
7007	0.75
7008	0.75
7009	0.75
7010	0.75
7011	0.75
7012	0.75
7013	0.75
7014	0.5
7015	0.53125
7016	0.730159
7017	0.75
7018	0.553846
7019	0.75
7020	0.75
7021	0.75
7022	0.75
7023	0.75
7024	0.75
7025	0.75
7026	0.75
7027	0.75
7028	0.75
7029	0.75
7030	0.75
7031	0.75
7032	0.75
7033	0.75
7034	0.75
7035	0.75
7036	0.809524
7037	0.75
7038	0.75
7039	0.75
7040	0.75
7041	0.75
7042	0.75
7043	0.75
7044	0.75
7045	0.75
7046	0.75
7047	0.75
7048	0.75
7049	0.75
7050	0.75
7051	0.75
7052	0.75
7053	0.75
7054	0.75
7055	0.75
7056	0.75
7057	0.75
7058	0.75
7059	0.75
7060	0.75
7061	0.75
7062	0.75
7063	0.75
7064	0.75
7065	0.75
7066	0.75
7067	0.75
7068	0.75
7069	0.75
7070	0.75
7071	0.75
7072	0.75
7073	0.75
7074	0.75
7075	0.75
7076	0.75
7077	0.75
7078	0.75
7079	0.75
7080	0.75
7081	0.807229
7082	0.75
7083	0.6
7084	0.88
7085	0.738095
7086	0.75
7087	0.75
7088	0.75
7089	0.75
7090	0.75
7091	0.75
7092	0.75
7093	0.75
7094	0.653846
7095	0.75
7096	0.75
7097	0.75
7098	0.75
7099	0.75
7100	0.75
7101	0.75
7102	0.75
7103	0.872727
7104	0.75
7105	0.75
7106	0.75
7107	0.75
7108	0.75
7109	0.75
7110	0.75
7111	0.75
7112	0.75
7113	0.75
7114	0.75
7115	0.75
7116	0.75
7117	0.75
7118	0.75
7119	0.75
7120	0.75
7121	0.75
7122	0.75
7123	0.538462
7124	0.558824
7125	0.540541
7126	0.75
7127	0.75
7128	0.75
7129	0.75
7130	0.35
7131	0.75
7132	0.75
7133	0.75
7134	0.75
7135	0.75
7136	0.75
7137	0.75
7138	0.75
7139	0.907407
7140	0.75
7141	0.791667
7142	0.85
7143	0.907407
7144	0.75
7145	0.75
7146	0.75
7147	0.75
7148	0.75
7149	0.75
7150	0.75
7151	0.75
7152	0.75
7153	0.75
7154	0.821656
7155	0.75
7156	0.75
7157	0.75
7158	0.75
7159	0.75
7160	0.75
7161	0.75
7162	0.75
7163	0.75
7164	0.75
7165	0.75
7166	0.75
7167	0.75
7168	0.75
7169	0.75
7170	0.75
7171	0.75
7172	0.75
7173	0.75
7174	0.795181
7175	0.75
7176	0.75
7177	0.75
7178	0.7
7179	0.75
7180	0.75
7181	0.75
7182	0.75
7183	0.75
7184	0.75
7185	0.75
7186	0.75
7187	0.75
7188	0.75
7189	0.75
7190	0.75
7191	0.75
7192	0.75
7193	0.75
7194	0.75
7195	0.75
7196	0.75
7197	0.75
7198	0.75
7199	0.75
7200	0.75
7201	0.75
7202	0.75
7203	0.75
7204	0.75
7205	0.75
7206	0.75
7207	0.84507
7208	0.75
7209	0.75
7210	0.75
7211	0.75
7212	0.75
7213	0.75
7214	0.75
7215	0.666667
7216	0.75
7217	0.75
7218	0.75
7219	0.671429
7220	0.75
7221	0.75
7222	0.75
7223	0.75
7224	0.457627
7225	0.652174
7226	0.75
7227	0.75
7228	0.851852
7229	0.75
7230	0.75
7231	0.75
7232	0.75
7233	0.75
7234	0.75
7235	0.75
7236	0.75
7237	0.75
7238	0.75
7239	0.75
7240	0.75
7241	0.634921
7242	0.66129
7243	0.75
7244	0.75
7245	0.75
7246	0.75
7247	0.75
7248	0.75
7249	0.75
7250	0.75
7251	0.75
7252	0.75
7253	0.75
7254	0.75
7255	0.75
7256	0.75
7257	0.75
7258	0.75
7259	0.75
7260	0.75
7261	0.75
7262	0.75
7263	0.75
7264	0.75
7265	0.75
7266	0.75
7267	0.75
7268	0.75
7269	0.75
7270	0.75
7271	0.75
7272	0.75
7273	0.75
7274	0.75
7275	0.75
7276	0.75
7277	0.75
7278	0.75
7279	0.75
7280	0.75
7281	0.75
7282	0.75
7283	0.75
7284	0.75
7285	0.75
7286	0.75
7287	0.75
7288	0.75
7289	0.75
7290	0.75
7291	0.75
7292	0.75
7293	0.75
7294	0.75
7295	0.75
7296	0.75
7297	0.75
7298	0.75
7299	0.75
7300	0.75
7301	0.75
7302	0.75
7303	0.75
7304	0.75
7305	0.75
7306	0.75
7307	0.75
7308	0.75
7309	0.75
7310	0.75
7311	0.75
7312	0.75
7313	0.75
7314	0.75
7315	0.75
7316	0.75
7317	0.75
7318	0.75
7319	0.75
7320	0.75
7321	0.75
7322	0.75
7323	0.75
7324	0.75
7325	0.75
7326	0.75
7327	0.75
7328	0.75
7329	0.75
7330	0.75
7331	0.75
7332	0.75
7333	0.75
7334	0.655172
7335	0.75
7336	0.75
7337	0.75
7338	0.75
7339	0.75
7340	0.75
7341	0.75
7342	0.75
7343	0.75
7344	0.75
7345	0.5
7346	0.75
7347	0.75
7348	0.75
7349	0.75
7350	0.75
7351	0.75
7352	0.689655
7353	0.75
7354	0.75
7355	0.655172
7356	0.75
7357	0.75
7358	0.75
7359	0.75
7360	0.75
7361	0.75
7362	0.75
7363	0.75
7364	0.75
7365	0.75
7366	0.545455
7367	0.75
7368	0.75
7369	0.901408
7370	0.75
7371	0.75
7372	0.75
7373	0.75
7374	0.75
7375	0.75
7376	0.75
7377	0.75
7378	0.75
7379	0.75
7380	0.75
7381	0.75
7382	0.75
7383	0.75
7384	0.75
7385	0.75
7386	0.75
7387	0.75
7388	0.75
7389	0.75
7390	0.75
7391	0.75
7392	0.75
7393	0.75
7394	0.423077
7395	0.545455
7396	0.75
7397	0.818182
7398	0.75
7399	0.75
7400	0.75
7401	0.75
7402	0.75
7403	0.75
7404	0.636364
7405	0.642857
7406	0.52381
7407	0.421053
7408	0.75
7409	0.75
7410	0.75
7411	0.75
7412	0.75
7413	0.75
7414	0.75
7415	0.75
7416	0.617647
7417	0.75
7418	0.75
7419	0.75
7420	0.75
7421	0.75
7422	0.75
7423	0.75
7424	0.75
7425	0.75
7426	0.75
7427	0.719298
7428	0.75
7429	0.75
7430	0.75
7431	0.75
7432	0.75
7433	0.75
7434	0.75
7435	0.75
7436	0.75
7437	0.75
7438	0.764706
7439	0.75
7440	0.75
7441	0.75
7442	0.75
7443	0.75
7444	0.75
7445	0.75
7446	0.75
7447	0.75
7448	0.75
7449	0.78125
7450	0.75
7451	0.75
7452	0.75
7453	0.75
7454	0.75
7455	0.75
7456	0.75
7457	0.75
7458	0.75
7459	0.75
7460	0.75
7461	0.75
7462	0.75
7463	0.75
7464	0.75
7465	0.75
7466	0.75
7467	0.75
7468	0.75
7469	0.75
7470	0.75
7471	0.75
7472	0.75
7473	0.75
7474	0.75
7475	0.75
7476	0.75
7477	0.75
7478	0.75
7479	0.75
7480	0.75
7481	0.75
7482	0.75
7483	0.75
7484	0.75
7485	0.75
7486	0.75
7487	0.75
7488	0.75
7489	0.75
7490	0.75
7491	0.75
7492	0.75
7493	0.75
7494	0.75
7495	0.75
7496	0.75
7497	0.75
7498	0.75
7499	0.75
7500	0.75
7501	0.75
7502	0.75
7503	0.75
7504	0.75
7505	0.846154
7506	0.75
7507	0.75
7508	0.555556
7509	0.75
7510	0.75
7511	0.75
7512	0.75
7513	0.75
7514	0.75
7515	0.75
7516	0.75
7517	0.75
7518	0.75
7519	0.75
7520	0.75
7521	0.75
7522	0.75
7523	0.75
7524	0.75
7525	0.75
7526	0.75
7527	0.75
7528	0.75
7529	0.75
7530	0.75
7531	0.75
7532	0.75
7533	0.727273
7534	0.75
7535	0.75
7536	0.75
7537	0.5
7538	0.75
7539	0.75
7540	0.75
7541	0.75
7542	0.75
7543	0.75
7544	0.75
7545	0.75
7546	0.75
7547	0.75
7548	0.75
7549	0.75
7550	0.75
7551	0.75
7552	0.75
7553	0.75
7554	0.75
7555	0.896552
7556	0.75
7557	0.673077
7558	0.75
7559	0.75
7560	0.75
7561	0.75
7562	0.75
7563	0.75
7564	0.75
7565	0.75
7566	0.75
7567	0.75
7568	0.75
7569	0.75
7570	0.75
7571	0.75
7572	0.75
7573	0.75
7574	0.75
7575	0.75
7576	0.75
7577	0.75
7578	0.75
7579	0.75
7580	0.75
7581	0.75
7582	0.75
7583	0.75
7584	0.75
7585	0.75
7586	0.75
7587	0.75
7588	0.75
7589	0.75
7590	0.75
7591	0.75
7592	0.75
7593	0.75
7594	0.68
7595	0.75
7596	0.75
7597	0.75
7598	0.75
7599	0.75
7600	0.75
7601	0.75
7602	0.75
7603	0.75
7604	0.75
7605	0.75
7606	0.8
7607	0.75
7608	0.75
7609	0.75
7610	0.75
7611	0.75
7612	0.75
7613	0.75
7614	0.75
7615	0.75
7616	0.75
7617	0.75
7618	0.75
7619	0.75
7620	0.75
7621	0.75
7622	0.75
7623	0.75
7624	0.75
7625	0.75
7626	0.622951
7627	0.75
7628	0.75
7629	0.75
7630	0.75
7631	0.75
7632	0.75
7633	0.75
7634	0.75
7635	0.75
7636	0.75
7637	0.75
7638	0.75
7639	0.75
7640	0.75
7641	0.75
7642	0.75
7643	0.75
7644	0.75
7645	0.75
7646	0.75
7647	0.75
7648	0.75
7649	0.75
7650	0.75
7651	0.75
7652	0.75
7653	0.8125
7654	0.75
7655	0.75
7656	0.75
7657	0.75
7658	0.75
7659	0.75
7660	0.75
7661	0.75
7662	0.75
7663	0.75
7664	0.75
7665	0.75
7666	0.75
7667	0.75
7668	0.75
7669	0.75
7670	0.75
7671	0.75
7672	0.75
7673	0.75
7674	0.75
7675	0.75
7676	0.75
7677	0.75
7678	0.75
7679	0.75
7680	0.75
7681	0.75
7682	0.75
7683	0.75
7684	0.75
7685	0.75
7686	0.75
7687	0.75
7688	0.75
7689	0.75
7690	0.75
7691	0.75
7692	0.75
7693	0.75
7694	0.75
7695	0.75
7696	0.782609
7697	0.75
7698	0.84
7699	0.512195
7700	0.75
7701	0.75
7702	0.75
7703	0.75
7704	0.75
7705	0.75
7706	0.425287
7707	0.75
7708	0.75
7709	0.75
7710	0.75
7711	0.75
7712	0.75
7713	0.75
7714	0.75
7715	0.75
7716	0.75
7717	0.75
7718	0.75
7719	0.75
7720	0.75
7721	0.75
7722	0.75
7723	0.75
7724	0.75
7725	0.75
7726	0.75
7727	0.796875
7728	0.739726
7729	0.75
7730	0.75
7731	0.75
7732	0.75
7733	0.75
7734	0.75
7735	0.612903
7736	0.75
7737	0.75
7738	0.75
7739	0.75
7740	0.75
7741	0.75
7742	0.75
7743	0.75
7744	0.75
7745	0.75
7746	0.75
7747	0.75
7748	0.75
7749	0.75
7750	0.75
7751	0.75
7752	0.75
7753	0.75
7754	0.75
7755	0.754098
7756	0.75
7757	0.75
7758	0.75
7759	0.75
7760	0.75
7761	0.75
7762	0.75
7763	0.606061
7764	0.75
7765	0.75
7766	0.708333
7767	0.753304
7768	0.75
7769	0.75
7770	0.75
7771	0.75
7772	0.75
7773	0.75
7774	0.75
7775	0.75
7776	0.75
7777	0.75
7778	0.75
7779	0.75
7780	0.75
7781	0.75
7782	0.75
7783	0.75
7784	0.75
7785	0.75
7786	0.75
7787	0.75
7788	0.75
7789	0.75
7790	0.75
7791	0.75
7792	0.75
7793	0.75
7794	0.75
7795	0.75
7796	0.75
7797	0.75
7798	0.75
7799	0.75
7800	0.75
7801	0.75
7802	0.75
7803	0.75
7804	0.75
7805	0.75
7806	0.75
7807	0.75
7808	0.75
7809	0.75
7810	0.75
7811	0.75
7812	0.75
7813	0.841772
7814	0.75
7815	0.809524
7816	0.75
7817	0.75
7818	0.75
7819	0.75
7820	0.75
7821	0.75
7822	0.75
7823	0.75
7824	0.75
7825	0.75
7826	0.75
7827	0.75
7828	0.75
7829	0.75
7830	0.75
7831	0.75
7832	0.75
7833	0.75
7834	0.75
7835	0.75
7836	0.75
7837	0.75
7838	0.75
7839	0.823529
7840	0.75
7841	0.75
7842	0.75
7843	0.75
7844	0.75
7845	0.75
7846	0.75
7847	0.75
7848	0.725
7849	0.75
7850	0.882353
7851	0.75
7852	0.75
7853	0.758621
7854	0.483871
7855	0.842105
7856	0.75
7857	0.8125
7858	0.75
7859	0.75
7860	0.75
7861	0.75
7862	0.75
7863	0.75
7864	0.75
7865	0.75
7866	0.75
7867	0.75
7868	0.75
7869	0.75
7870	0.75
7871	0.75
7872	0.75
7873	0.75
7874	0.75
7875	0.75
7876	0.75
7877	0.75
7878	0.75
7879	0.75
7880	0.75
7881	0.75
7882	0.75
7883	0.75
7884	0.75
7885	0.75
7886	0.75
7887	0.75
7888	0.75
7889	0.75
7890	0.75
7891	0.75
7892	0.868421
7893	0.75
7894	0.75
7895	0.75
7896	0.75
7897	0.75
7898	0.75
7899	0.75
7900	0.75
7901	0.75
7902	0.75
7903	0.75
7904	0.75
7905	0.75
7906	0.75
7907	0.75
7908	0.75
7909	0.75
7910	0.75
7911	0.478261
7912	0.75
7913	0.75
7914	0.75
7915	0.75
7916	0.75
7917	0.4375
7918	0.75
7919	0.884615
7920	0.714286
7921	0.75
7922	0.388889
7923	0.75
7924	0.75
7925	0.75
7926	0.75
7927	0.75
7928	0.75
7929	0.580645
7930	0.75
7931	0.75
7932	0.75
7933	0.75
7934	0.75
7935	0.75
7936	0.75
7937	0.75
7938	0.75
7939	0.75
7940	0.75
7941	0.75
7942	0.75
7943	0.75
7944	0.75
7945	0.75
7946	0.75
7947	0.75
7948	0.75
7949	0.75
7950	0.75
7951	0.75
7952	0.75
7953	0.75
7954	0.567568
7955	0.75
7956	0.75
7957	0.75
7958	0.75
7959	0.714286
7960	0.75
7961	0.75
7962	0.75
7963	0.75
7964	0.75
7965	0.75
7966	0.75
7967	0.75
7968	0.75
7969	0.75
7970	0.75
7971	0.75
7972	0.75
7973	0.75
7974	0.75
7975	0.75
7976	0.75
7977	0.75
7978	0.75
7979	0.75
7980	0.75
7981	0.75
7982	0.75
7983	0.75
7984	0.75
7985	0.75
7986	0.75
7987	0.75
7988	0.75
7989	0.75
7990	0.75
7991	0.75
7992	0.75
7993	0.75
7994	0.75
7995	0.75
7996	0.75
7997	0.75
7998	0.75
7999	0.75
8000	0.75
8001	0.75
8002	0.75
8003	0.75
8004	0.877193
8005	0.69697
8006	0.75
8007	0.75
8008	0.75
8009	0.75
8010	0.75
8011	0.75
8012	0.75
8013	0.75
8014	0.75
8015	0.75
8016	0.75
8017	0.75
8018	0.75
8019	0.75
8020	0.75
8021	0.75
8022	0.75
8023	0.75
8024	0.75
8025	0.75
8026	0.75
8027	0.75
8028	0.75
8029	0.75
8030	0.75
8031	0.75
8032	0.75
8033	0.75
8034	0.75
8035	0.75
8036	0.75
8037	0.75
8038	0.75
8039	0.742857
8040	0.75
8041	0.45122
8042	0.75
8043	0.75
8044	0.75
8045	0.75
8046	0.75
8047	0.75
8048	0.75
8049	0.75
8050	0.75
8051	0.75
8052	0.75
8053	0.75
8054	0.75
8055	0.75
8056	0.630435
8057	0.75
8058	0.339623
8059	0.75
8060	0.75
8061	0.75
8062	0.75
8063	0.75
8064	0.75
8065	0.75
8066	0.75
8067	0.568182
8068	0.763158
8069	0.869565
8070	0.75
8071	0.75
8072	0.75
8073	0.75
8074	0.75
8075	0.75
8076	0.916667
8077	0.75
8078	0.75
8079	0.75
8080	0.75
8081	0.75
8082	0.75
8083	0.75
8084	0.75
8085	0.75
8086	0.75
8087	0.75
8088	0.75
8089	0.75
8090	0.75
8091	0.75
8092	0.75
8093	0.75
8094	0.75
8095	0.75
8096	0.75
8097	0.75
8098	0.75
8099	0.75
8100	0.75
8101	0.75
8102	0.75
8103	0.75
8104	0.75
8105	0.75
8106	0.75
8107	0.75
8108	0.75
8109	0.75
8110	0.75
8111	0.75
8112	0.75
8113	0.75
8114	0.75
8115	0.75
8116	0.75
8117	0.75
8118	0.75
8119	0.75
8120	0.75
8121	0.75
8122	0.75
8123	0.75
8124	0.75
8125	0.75
8126	0.75
8127	0.641221
8128	0.75
8129	0.75
8130	0.75
8131	0.75
8132	0.75
8133	0.75
8134	0.75
8135	0.75
8136	0.75
8137	0.75
8138	0.75
8139	0.403846
8140	0.7
8141	0.75
8142	0.75
8143	0.692308
8144	0.875
8145	0.75
8146	0.75
8147	0.75
8148	0.75
8149	0.75
8150	0.75
8151	0.75
8152	0.75
8153	0.75
8154	0.75
8155	0.75
8156	0.75
8157	0.75
8158	0.5
8159	0.75
8160	0.75
8161	0.75
8162	0.727273
8163	0.596154
8164	0.575758
8165	0.75
8166	0.5
8167	0.75
8168	0.623188
8169	0.75
8170	0.75
8171	0.75
8172	0.75
8173	0.75
8174	0.75
8175	0.75
8176	0.75
8177	0.75
8178	0.75
8179	0.75
8180	0.75
8181	0.75
8182	0.75
8183	0.75
8184	0.75
8185	0.75
8186	0.75
8187	0.75
8188	0.75
8189	0.75
8190	0.75
8191	0.75
8192	0.75
8193	0.75
8194	0.75
8195	0.75
8196	0.75
8197	0.75
8198	0.75
8199	0.75
8200	0.75
8201	0.75
8202	0.75
8203	0.75
8204	0.62963
8205	0.504673
8206	0.523364
8207	0.75
8208	0.75
8209	0.75
8210	0.75
8211	0.75
8212	0.75
8213	0.597403
8214	0.75
8215	0.75
8216	0.75
8217	0.75
8218	0.75
8219	0.75
8220	0.75
8221	0.709677
8222	0.75
8223	0.75
8224	0.75
8225	0.75
8226	0.75
8227	0.75
8228	0.75
8229	0.75
8230	0.75
8231	0.75
8232	0.75
8233	0.75
8234	0.75
8235	0.75
8236	0.75
8237	0.75
8238	0.75
8239	0.75
8240	0.75
8241	0.75
8242	0.75
8243	0.75
8244	0.75
8245	0.75
8246	0.75
8247	0.75
8248	0.75
8249	0.75
8250	0.75
8251	0.75
8252	0.75
8253	0.75
8254	0.75
8255	0.75
8256	0.75
8257	0.538462
8258	0.75
8259	0.75
8260	0.75
8261	0.75
8262	0.736842
8263	0.75
8264	0.75
8265	0.75
8266	0.75
8267	0.75
8268	0.780488
8269	0.75
8270	0.75
8271	0.75
8272	0.75
8273	0.75
8274	0.75
8275	0.8125
8276	0.75
8277	0.72973
8278	0.75
8279	0.324324
8280	0.75
8281	0.785714
8282	0.75
8283	0.75
8284	0.75
8285	0.75
8286	0.75
8287	0.75
8288	0.75
8289	0.75
8290	0.75
8291	0.75
8292	0.75
8293	0.75
8294	0.75
8295	0.75
8296	0.75
8297	0.75
8298	0.75
8299	0.75
8300	0.75
8301	0.75
8302	0.75
8303	0.75
8304	0.75
8305	0.75
8306	0.75
8307	0.75
8308	0.75
8309	0.75
8310	0.75
8311	0.75
8312	0.75
8313	0.555556
8314	0.75
8315	0.75
8316	0.75
8317	0.75
8318	0.75
8319	0.611111
8320	0.75
8321	0.75
8322	0.75
8323	0.75
8324	0.75
8325	0.75
8326	0.75
8327	0.75
8328	0.75
8329	0.75
8330	0.75
8331	0.75
8332	0.75
8333	0.75
8334	0.75
8335	0.75
8336	0.75
8337	0.75
8338	0.75
8339	0.75
8340	0.75
8341	0.75
8342	0.75
8343	0.75
8344	0.75
8345	0.75
8346	0.75
8347	0.75
8348	0.75
8349	0.75
8350	0.75
8351	0.75
8352	0.75
8353	0.75
8354	0.75
8355	0.75
8356	0.75
8357	0.75
8358	0.75
8359	0.75
8360	0.75
8361	0.75
8362	0.75
8363	0.75
8364	0.75
8365	0.75
8366	0.75
8367	0.860465
8368	0.75
8369	0.75
8370	0.75
8371	0.75
8372	0.75
8373	0.756098
8374	0.75
8375	0.75
8376	0.75
8377	0.75
8378	0.75
8379	0.75
8380	0.77027
8381	0.75
8382	0.75
8383	0.75
8384	0.75
8385	0.75
8386	0.75
8387	0.75
8388	0.75
8389	0.75
8390	0.75
8391	0.75
8392	0.75
8393	0.44186
8394	0.76
