14
5
7
3
5
7
7
14
5
5
5
11
4
9
5
7
7
1
9
5
5
7
9
7
4
1
7
5
7
5
3
14
14
7
4
4
7
5
7
5
11
5
5
5
7
4
4
5
7
3
5
4
1
5
7
12
7
3
3
12
3
5
4
7
12
7
14
7
4
5
7
7
5
5
14
7
9
9
12
5
3
5
7
9
5
5
7
10
4
7
13
7
5
6
4
0
2
5
7
5
7
7
5
14
7
3
9
14
5
5
2
7
7
5
4
3
5
5
5
5
12
12
4
5
12
13
11
5
5
9
12
5
1
0
11
5
13
13
7
11
14
7
14
5
8
5
5
3
4
5
9
0
5
11
2
14
9
9
1
7
12
7
14
14
11
5
5
5
7
9
5
5
0
5
11
14
7
14
7
9
7
3
4
14
12
5
7
0
5
7
5
7
4
5
7
5
5
7
7
6
6
5
3
5
5
14
6
5
5
1
3
5
5
5
5
5
5
5
5
14
11
7
7
7
4
9
3
5
7
12
7
5
1
5
7
14
9
1
7
3
5
7
7
7
3
7
5
5
7
11
7
3
3
5
14
14
7
3
5
7
7
7
7
4
5
7
7
3
5
9
5
3
1
7
14
3
5
5
3
0
4
9
5
9
5
5
7
11
7
5
8
4
1
7
9
5
5
5
5
5
14
7
1
5
3
4
7
7
7
12
5
14
5
6
5
5
12
5
1
5
3
5
12
4
12
7
7
0
14
3
5
5
7
5
5
7
9
3
3
7
5
7
9
5
5
7
3
7
5
2
3
7
4
7
2
9
14
9
7
3
9
7
7
5
12
5
7
10
1
7
7
9
9
7
9
9
5
14
7
11
2
7
5
5
9
14
7
6
11
5
2
12
7
4
7
4
9
9
3
5
5
4
7
7
2
5
3
5
1
5
5
5
3
1
4
7
1
0
5
12
14
12
7
7
7
4
6
5
7
12
14
7
12
9
14
5
12
5
5
8
4
12
5
8
3
9
7
7
12
10
7
14
5
7
12
7
9
5
5
14
5
7
5
5
5
5
7
5
7
5
4
3
7
9
5
5
5
11
7
7
5
5
3
5
9
14
7
5
1
9
7
5
13
5
10
1
3
7
4
3
5
5
5
4
5
5
5
5
5
9
5
14
7
5
7
5
5
5
9
3
13
4
7
3
11
7
13
7
12
7
7
7
3
5
9
2
3
7
5
5
5
5
5
5
0
3
9
5
7
12
3
5
4
14
7
5
7
7
7
5
5
5
11
5
5
13
7
7
5
0
7
1
5
9
7
11
7
9
5
6
5
5
7
5
9
9
1
5
3
9
1
7
4
5
5
13
13
7
9
4
7
6
5
7
5
5
0
5
12
13
7
5
5
5
4
5
9
13
12
3
4
9
5
5
4
5
12
7
7
13
4
5
14
1
8
7
6
7
5
5
13
5
9
11
7
7
7
7
14
7
9
5
14
1
5
3
5
9
0
7
4
5
5
6
9
9
5
1
5
5
8
7
7
9
3
7
4
7
5
0
7
7
5
3
4
9
5
7
5
5
1
3
5
8
7
4
3
9
8
5
