0.0177005	0.00814536	0.045896	0.0313283	0.00986842	0.797306	0.0203634	0.037594	0.0250627	0.00673559	
0.316334	0.198817	0.132052	0.209165	0.00665188	0.000492732	0.0485341	0.0731707	0.0118256	0.00295639	
0.103593	0.213772	0.106587	0.200599	0.0994012	0.00958084	0.115569	0.116766	0.0287425	0.00538922	
0.1493	0.124417	0.0995334	0.116641	0.2986	0.00311042	0.152411	0.0248834	0.0217729	0.00933126	
0.363393	0.160321	0.0153641	0.170341	0.0748163	0.00534402	0.0968604	0.0968604	0.0146961	0.00200401	
0.137032	0.137701	0.110294	0.153743	0.114305	0.0040107	0.203877	0.117647	0.0167112	0.00467914	
0.183154	0.164545	0.106758	0.230167	0.0205681	0.000979432	0.136141	0.150833	0.00391773	0.0029383	
0.0110497	0.0276243	0.0497238	0.00552486	0.00552486	0.657459	0.0718232	0.0828729	0.00552486	0.0828729	
0.294118	0.0882353	0.0882353	0.0915033	0.124183	0.00653595	0.143791	0.124183	0.0326797	0.00653595	
0.233129	0.116564	0.0766871	0.128834	0.119632	0.00613497	0.119632	0.180982	0.0153374	0.00306748	
0.377607	0.0636663	0.039517	0.0889133	0.226125	0.00109769	0.0285401	0.119649	0.0472009	0.00768386	
0.1657	0.0512573	0.0180529	0.129594	0.0193424	0.00451322	0.0996132	0.165055	0.346228	0.000644745	
0.216418	0.171642	0.0298507	0.0895522	0.0223881	0.00746269	0.11194	0.320896	0.0223881	0.00746269	
0.097561	0.162602	0.126016	0.158537	0.203252	0.00406504	0.138211	0.0772358	0.0284553	0.00406504	
0.356378	0.193203	0.149209	0.0672719	0.00884544	0.000232775	0.116155	0.0623836	0.0460894	0.000232775	
0.184	0.192	0.056	0.12	0.072	0.008	0.24	0.104	0.016	0.008	
0.155556	0.139798	0.100606	0.0929293	0.149091	0.000808081	0.21899	0.112323	0.0262626	0.00363636	
0.15841	0.263249	0.12212	0.150346	0.118664	0.00748848	0.046659	0.103111	0.0288018	0.00115207	
0.157328	0.212284	0.258621	0.167026	0.0420259	0.0538793	0.0571121	0.0280172	0.0075431	0.0161638	
0.240134	0.248161	0.105463	0.118172	0.0354515	0.000222965	0.141137	0.0989967	0.0107023	0.00156076	
0.441769	0.165174	0.0893057	0.0545913	0.213046	0.00139978	0.0260358	0.00587906	0.00195969	0.000839866	
0.088961	0.112338	0.218831	0.0344156	0.0175325	0.283117	0.191883	0.0324675	0.0172078	0.00324675	
0.126838	0.148897	0.141544	0.0827206	0.0974265	0.0275735	0.115809	0.0845588	0.0459559	0.128676	
0.190476	0.137171	0.05828	0.103056	0.197228	0.000355366	0.172708	0.0995025	0.0362473	0.00497512	
0.0243902	0.170732	0.146341	0.219512	0.0243902	0.0243902	0.097561	0.121951	0.121951	0.0487805	
0.135088	0.142982	0.0947368	0.197368	0.205263	0.00438596	0.0982456	0.0885965	0.022807	0.0105263	
0.120838	0.161529	0.102343	0.0838471	0.103576	0.00369914	0.18619	0.217016	0.00739827	0.0135635	
0.229331	0.140187	0.14486	0.189432	0.0661395	0.00287563	0.0909418	0.114666	0.0140187	0.00754853	
0.19746	0.176157	0.0659566	0.138058	0.117984	0.000409668	0.165916	0.128226	0.00860303	0.001229	
0.218418	0.142267	0.111275	0.12013	0.0551948	0.00649351	0.118949	0.115998	0.0330579	0.0782172	
0.180695	0.0930368	0.160052	0.132287	0.187527	0.00101759	0.158017	0.056985	0.0254397	0.00494258	
0.0717054	0.00387597	0.0155039	0.0368217	0.0135659	0.534884	0.0930233	0.0310078	0.139535	0.0600775	
0.00352734	0.00176367	0.026455	0.0352734	0.00529101	0.851852	0.0388007	0.00352734	0.0176367	0.015873	
0.20297	0.222772	0.133663	0.0841584	0.0346535	0.0049505	0.118812	0.153465	0.039604	0.0049505	
0.104348	0.232065	0.163587	0.0190217	0.0309783	0.00380435	0.207065	0.218478	0.0190217	0.00163043	
0.184932	0.260274	0.116438	0.0410959	0.136986	0.00684932	0.10274	0.130137	0.00684932	0.0136986	
0.172871	0.241167	0.100789	0.101735	0.0798107	0.000630915	0.207571	0.076183	0.0184543	0.000788644	
0.210526	0.180451	0.0413534	0.259398	0.037594	0.0075188	0.109023	0.0639098	0.0864662	0.0037594	
0.153846	0.175933	0.0693069	0.043412	0.266565	0.000761615	0.230769	0.0418888	0.0167555	0.000761615	
0.457143	0.147253	0.0197802	0.112088	0.123077	0.0043956	0.0461538	0.0813187	0.00659341	0.0021978	
0.217857	0.0993506	0.0311688	0.135227	0.0746753	0.000974026	0.132305	0.26526	0.036526	0.00665584	
0.258242	0.103022	0.00549451	0.125	0.0576923	0.00549451	0.130495	0.285714	0.0123626	0.0164835	
0.278017	0.131466	0.0334052	0.198276	0.0398707	0.00431034	0.132543	0.131466	0.0484914	0.00215517	
0.405858	0.200837	0.100418	0.100418	0.0251046	0.0041841	0.0502092	0.0878661	0.0083682	0.0167364	
0.148018	0.133921	0.130396	0.178855	0.015859	0.000881057	0.244053	0.0977974	0.046696	0.00352423	
0.122143	0.157857	0.0792857	0.0642857	0.0171429	0.000714286	0.282857	0.211429	0.0621429	0.00214286	
0.237288	0.118644	0.0677966	0.0847458	0.0508475	0.0508475	0.0169492	0.322034	0.0169492	0.0338983	
0.301953	0.196653	0.0251046	0.133891	0.0202232	0.0055788	0.160391	0.130404	0.0230126	0.0027894	
0.140227	0.0910057	0.0371813	0.175637	0.0725921	0.0155807	0.202904	0.193697	0.0601983	0.0109773	
0.198966	0.0361757	0.20155	0.167959	0.263566	0.0310078	0.0155039	0.0801034	0.00258398	0.00258398	
0.312552	0.159601	0.0648379	0.0997506	0.045719	0.00166251	0.0756442	0.224439	0.0124688	0.00332502	
0.104418	0.384203	0.0763052	0.0240964	0.060241	0.00267738	0.0883534	0.255689	0.00267738	0.00133869	
0.0952381	0.172619	0.0357143	0.27381	0.190476	0.0119048	0.0595238	0.130952	0.0238095	0.00595238	
0.17963	0.0685185	0.0351852	0.19213	0.201852	0.0143519	0.160185	0.0925926	0.0467593	0.0087963	
0.16457	0.246331	0.0828092	0.0953878	0.033543	0.00838574	0.167715	0.175052	0.024109	0.00209644	
0.110364	0.164364	0.115818	0.0410909	0.00781818	0.000363636	0.364182	0.107455	0.0852727	0.00327273	
0.0746269	0.0298507	0.365672	0.126866	0.0671642	0.0223881	0.179104	0.104478	0.0223881	0.00746269	
0.239574	0.191544	0.294219	0.0212827	0.0454415	0.000575209	0.0917458	0.0839804	0.00575209	0.0258844	
0.251355	0.149229	0.190496	0.0475198	0.146728	0.00458524	0.041684	0.0412672	0.00583576	0.121301	
0.219178	0.109589	0.0273973	0.0136986	0.0410959	0.0821918	0.205479	0.0410959	0.109589	0.150685	
0.21908	0.283406	0.150715	0.0534493	0.103791	0.00186451	0.10348	0.0730267	0.00652579	0.00466128	
0.265957	0.164894	0.0212766	0.0265957	0.0797872	0.0106383	0.159574	0.207447	0.0478723	0.0159574	
0.182239	0.267345	0.0869565	0.0786309	0.0240518	0.000925069	0.0656799	0.276596	0.0166512	0.000925069	
0.135135	0.301802	0.198198	0.0720721	0.157658	0.0045045	0.027027	0.0540541	0.045045	0.0045045	
0.0620884	0.0827846	0.138288	0.0376294	0.0056444	0.0244591	0.20508	0.222013	0.213547	0.0084666	
0.0976147	0.143119	0.0550459	0.148257	0.161101	0.00220183	0.192661	0.13578	0.0510092	0.013211	
0.0241935	0.00403226	0.0174731	0.0537634	0.0416667	0.606183	0.0497312	0.0483871	0.130376	0.0241935	
0.134087	0.277483	0.144338	0.147755	0.0503122	0.000235655	0.125604	0.104513	0.0141393	0.00153175	
0.0690989	0.254837	0.0599779	0.0514096	0.0450525	0.000552792	0.117192	0.380597	0.0176893	0.00359315	
0.266844	0.193262	0.0913121	0.210106	0.0460993	0.00797872	0.0602837	0.10461	0.00797872	0.0115248	
0.129007	0.124316	0.0742768	0.143081	0.0578577	0.0156372	0.265051	0.154808	0.0328382	0.00312744	
0.109453	0.210614	0.117745	0.107794	0.013267	0.0912106	0.174129	0.0961857	0.0762852	0.00331675	
0.233622	0.245571	0.0844664	0.172641	0.0634528	0.00494438	0.0844664	0.104244	0.00618047	0.000412031	
0.256579	0.171053	0.0296053	0.134868	0.0164474	0.0164474	0.125	0.118421	0.0921053	0.0394737	
0.0309524	0.00952381	0.0261905	0.0261905	0.0166667	0.65	0.0404762	0.0380952	0.0785714	0.0833333	
0.23913	0.15942	0.0978261	0.221014	0.0797101	0.00362319	0.123188	0.0507246	0.0181159	0.00724638	
0.16036	0.123123	0.211411	0.18018	0.042042	0.0222222	0.0936937	0.0948949	0.0354354	0.0366366	
0.0740741	0.111111	0.444444	0.0740741	0.037037	0.037037	0.037037	0.037037	0.111111	0.037037	
0.05	0.05	0.15	0.2	0.1	0.05	0.1	0.05	0.1	0.15	
0.299544	0.202733	0.0432802	0.0660592	0.0979499	0.00341686	0.113895	0.169704	0.00113895	0.0022779	
0.169231	0.153846	0.0769231	0.0692308	0.215385	0.00769231	0.253846	0.0384615	0.00769231	0.00769231	
0.270833	0.234127	0.0654762	0.0763889	0.0744048	0.000992063	0.0714286	0.172619	0.0257937	0.00793651	
0.122677	0.0446097	0.282528	0.0669145	0.0297398	0.00371747	0.204461	0.107807	0.070632	0.0669145	
0.180387	0.2954	0.226392	0.122276	0.0799031	0.00968523	0.027845	0.0363196	0.0157385	0.00605327	
0.1778	0.0982318	0.134578	0.20334	0.123772	0.00392927	0.0903733	0.109037	0.0471513	0.0117878	
0.376569	0.041841	0.133891	0.155858	0.0313808	0.00104603	0.166318	0.0648536	0.0240586	0.0041841	
0.141743	0.206502	0.0868661	0.159688	0.137321	0.00156047	0.137841	0.0941482	0.0296489	0.0046814	
0.015873	0.0444444	0.190476	0.0507937	0.0333333	0.352381	0.0396825	0.0507937	0.0539683	0.168254	
0.196226	0.210692	0.0339623	0.0893082	0.0283019	0.000628931	0.122013	0.29434	0.0238994	0.000628931	
0.212183	0.17665	0.0974619	0.121827	0.151269	0.0111675	0.141117	0.084264	0.00203046	0.00203046	
0.0212766	0.0212766	0.0212766	0.0425532	0.0851064	0.12766	0.0638298	0.0851064	0.404255	0.12766	
0.19546	0.246249	0.217776	0.0180839	0.0919584	0.00115429	0.120431	0.0931127	0.0134667	0.00230858	
0.278261	0.198758	0.0608696	0.0459627	0.0981366	0.00248447	0.154037	0.159006	0.00124224	0.00124224	
0.275081	0.0647249	0.0420712	0.0420712	0.18123	0.038835	0.18123	0.152104	0.0194175	0.00323625	
0.186047	0.162791	0.0232558	0.0465116	0.0697674	0.0232558	0.186047	0.186047	0.0930233	0.0232558	
0.0857143	0.114286	0.0857143	0.171429	0.0285714	0.0285714	0.0857143	0.0285714	0.142857	0.228571	
0.167857	0.077381	0.0702381	0.261905	0.140476	0.00595238	0.0797619	0.0761905	0.0178571	0.102381	
0.533663	0.0783568	0.119817	0.125143	0.0779764	0.00380373	0.0232027	0.0327121	0.000380373	0.00494485	
0.183655	0.100092	0.0578512	0.0936639	0.0780533	0.00183655	0.309458	0.111111	0.046832	0.0174472	
0.321657	0.0630521	0.0691441	0.10996	0.145903	0.0021322	0.106001	0.153823	0.024368	0.00395979	
0.235044	0.224354	0.0567475	0.0928462	0.0694882	0.00109834	0.136121	0.163506	0.0206488	0.000146445	
0.203116	0.324005	0.122331	0.0308713	0.0879977	0.00548182	0.170514	0.0412579	0.00721293	0.00721293	
0.185619	0.16388	0.0468227	0.252508	0.041806	0.0334448	0.117057	0.0719064	0.0719064	0.0150502	
0.0774032	0.15231	0.209738	0.0374532	0.00499376	0.350811	0.0848939	0.0574282	0.0137328	0.011236	
0.11686	0.0598837	0.0895349	0.0773256	0.0180233	0.00116279	0.359302	0.165116	0.105233	0.00755814	
0.287582	0.168627	0.0915033	0.0470588	0.213072	0.00392157	0.069281	0.0980392	0.0183007	0.00261438	
0.0625	0.0625	0.166667	0.104167	0.0833333	0.270833	0.0625	0.0833333	0.0208333	0.0833333	
0.102616	0.0402414	0.203219	0.100604	0.108652	0.237425	0.0945674	0.0261569	0.0724346	0.0140845	
0.219355	0.169892	0.0397849	0.268817	0.088172	0.00215054	0.0623656	0.131183	0.016129	0.00215054	
0.169287	0.186215	0.0677146	0.273277	0.0157195	0.00362757	0.174123	0.0979444	0.00362757	0.00846433	
0.05	0.05	0.1	0.1	0.1	0.2	0.05	0.15	0.15	0.05	
0.133544	0.186092	0.0956144	0.113789	0.0478072	0.0177795	0.208218	0.166337	0.0284473	0.0023706	
0.134615	0.115385	0.192308	0.173077	0.0576923	0.0192308	0.0769231	0.153846	0.0576923	0.0192308	
0.242382	0.0774599	0.0651314	0.139102	0.12375	0.00279135	0.163294	0.134915	0.049779	0.00139567	
0.137255	0.245098	0.0784314	0.0686275	0.0490196	0.00980392	0.0784314	0.27451	0.0490196	0.00980392	
0.110795	0.181818	0.144886	0.0880682	0.139205	0.00284091	0.173295	0.142045	0.0113636	0.00568182	
0.189189	0.135135	0.0945946	0.121622	0.189189	0.0135135	0.0675676	0.135135	0.027027	0.027027	
0.155673	0.16095	0.0817942	0.279683	0.0263852	0.0844327	0.0422164	0.100264	0.0237467	0.0448549	
0.405573	0.145511	0.0495356	0.0990712	0.0371517	0.00309598	0.102167	0.136223	0.0154799	0.00619195	
0.224223	0.183263	0.143362	0.231638	0.0561441	0.000353107	0.0607345	0.079096	0.0208333	0.000353107	
0.117851	0.0519931	0.149913	0.101386	0.0459272	0.042461	0.207972	0.106586	0.0831889	0.092721	
0.0988506	0.0965517	0.243678	0.0321839	0.0528736	0.0137931	0.266667	0.045977	0.0781609	0.0712644	
0.145455	0.232727	0.185455	0.163636	0.0218182	0.00363636	0.0763636	0.130909	0.0109091	0.0290909	
0.419178	0.0931507	0.0246575	0.0575342	0.0821918	0.00821918	0.169863	0.117808	0.0191781	0.00821918	
0.157527	0.117742	0.0478495	0.159677	0.0451613	0.00752688	0.190591	0.14328	0.129032	0.0016129	
0.0367133	0.027972	0.0454545	0.0104895	0.0157343	0.368881	0.0122378	0.0734266	0.0646853	0.344406	
0.168856	0.114447	0.011257	0.168856	0.0994371	0.00187617	0.195122	0.155722	0.0600375	0.0243902	
0.212121	0.121212	0.0550964	0.15978	0.0936639	0.00550964	0.198347	0.118457	0.0330579	0.00275482	
0.175	0.333333	0.0416667	0.1	0.05	0.00833333	0.0583333	0.141667	0.0416667	0.05	
0.174598	0.192977	0.0956679	0.168362	0.0666229	0.0228093	0.0946833	0.0882836	0.0920578	0.0039383	
0.15873	0.0198413	0.107143	0.047619	0.0714286	0.00396825	0.301587	0.22619	0.031746	0.031746	
0.265092	0.129921	0.0984252	0.0931759	0.0944882	0.00787402	0.145669	0.107612	0.0485564	0.00918635	
0.0769231	0.153846	0.0769231	0.0769231	0.230769	0.0769231	0.0769231	0.0769231	0.0769231	0.0769231	
0.0160142	0.0391459	0.117438	0.0088968	0.0604982	0.140569	0.133452	0.115658	0.227758	0.140569	
0.111111	0.0555556	0.0555556	0.0555556	0.0555556	0.111111	0.0555556	0.277778	0.166667	0.0555556	
0.291375	0.170163	0.0967366	0.157343	0.0501166	0.00699301	0.0920746	0.0862471	0.0454545	0.0034965	
0.0416961	0.0268551	0.0120141	0.0219081	0.000706714	0.141343	0.00565371	0.0212014	0.614134	0.114488	
0.0526316	0.0526316	0.0526316	0.0526316	0.0526316	0.157895	0.0526316	0.105263	0.0526316	0.368421	
0.225747	0.238161	0.184828	0.18069	0.0294253	0.00321839	0.116782	0.016092	0.0045977	0.00045977	
0.213115	0.131148	0.0327869	0.163934	0.0163934	0.0163934	0.0655738	0.262295	0.0327869	0.0655738	
0.0709677	0.0129032	0.0193548	0.0322581	0.0193548	0.748387	0.0322581	0.0258065	0.0322581	0.00645161	
0.221438	0.198545	0.0853659	0.133504	0.0397946	0.0012837	0.130081	0.15169	0.0361575	0.0021395	
0.0789474	0.0263158	0.131579	0.0789474	0.0263158	0.447368	0.0789474	0.0263158	0.0263158	0.0789474	
0.331959	0.294845	0.107216	0.113402	0.0103093	0.00618557	0.0597938	0.0680412	0.00412371	0.00412371	
0.0561798	0.0449438	0.0561798	0.082397	0.0449438	0.0149813	0.0149813	0.0524345	0.0524345	0.580524	
0.233903	0.115637	0.0551905	0.199737	0.152431	0.00131406	0.147175	0.0709593	0.0170828	0.0065703	
0.317431	0.0759633	0.0491743	0.155229	0.00917431	0.00330275	0.217615	0.149725	0.0194495	0.00293578	
0.153061	0.0102041	0.0510204	0.153061	0.326531	0.0204082	0.0918367	0.0816327	0.102041	0.0102041	
0.16113	0.197674	0.0598007	0.0863787	0.0797342	0.00498339	0.137874	0.23588	0.0315615	0.00498339	
0.267857	0.174107	0.236607	0.133929	0.0669643	0.00446429	0.0491071	0.0357143	0.0178571	0.0133929	
0.199367	0.161392	0.123418	0.188291	0.0870253	0.0110759	0.0506329	0.126582	0.0427215	0.00949367	
0.138122	0.21547	0.154696	0.19337	0.0165746	0.00552486	0.0607735	0.0607735	0.149171	0.00552486	
0.271186	0.065678	0.131356	0.165254	0.00211864	0.00211864	0.118644	0.21822	0.0169492	0.00847458	
0.189112	0.151862	0.0487106	0.180516	0.0487106	0.00286533	0.143266	0.212034	0.00286533	0.0200573	
0.115903	0.0552561	0.0592992	0.0795148	0.0929919	0.0256065	0.0606469	0.083558	0.0673854	0.359838	
0.0628483	0.0798762	0.0594427	0.0764706	0.025387	0.387616	0.203715	0.0575851	0.0402477	0.00681115	
0.202084	0.183476	0.203573	0.179382	0.098623	0.000744325	0.0599181	0.05508	0.00744325	0.00967622	
0.265328	0.202802	0.199968	0.207581	0.00696525	0.000485948	0.0353122	0.0440593	0.0366081	0.000890905	
0.107971	0.0847744	0.0556727	0.154787	0.165331	0.00632644	0.183045	0.146774	0.0797132	0.0156052	
0.0888889	0.133333	0.2	0.0888889	0.155556	0.0222222	0.244444	0.0222222	0.0222222	0.0222222	
0.081761	0.0786164	0.213836	0.0503145	0.0157233	0.0125786	0.320755	0.141509	0.0786164	0.00628931	
0.125	0.125	0.1875	0.125	0.0625	0.0625	0.125	0.0625	0.0625	0.0625	
0.1311	0.171292	0.0679426	0.164593	0.0277512	0.262201	0.0631579	0.0755981	0.0354067	0.000956938	
0.0258824	0.0894118	0.178824	0.0729412	0.00235294	0.430588	0.0611765	0.0423529	0.0682353	0.0282353	
0.194175	0.0291262	0.174757	0.213592	0.038835	0.0194175	0.0582524	0.213592	0.0485437	0.00970874	
0.246787	0.131962	0.0518423	0.113967	0.0338475	0.000856898	0.267352	0.119537	0.0329906	0.000856898	
0.25	0.260671	0.0868902	0.147866	0.0655488	0.0167683	0.105183	0.0594512	0.00304878	0.00457317	
0.29432	0.131956	0.0860585	0.149742	0.0585198	0.00631096	0.131383	0.126793	0.0131956	0.00172117	
0.0598802	0.112275	0.112275	0.0973054	0.122754	0.151198	0.179641	0.113772	0.0419162	0.00898204	
0.17029	0.438808	0.165862	0.0708535	0.0245572	0.0108696	0.0668277	0.0487118	0.00281804	0.000402576	
0.305503	0.0796964	0.0151803	0.165085	0.0777989	0.00189753	0.0967742	0.16888	0.0702087	0.0189753	
0.201566	0.11546	0.0195695	0.197652	0.0313112	0.0254403	0.152642	0.197652	0.0547945	0.00391389	
0.15198	0.123883	0.0970626	0.135377	0.0727969	0.0229885	0.114943	0.128991	0.150702	0.00127714	
0.166667	0.0962963	0.0407407	0.233333	0.122222	0.0037037	0.177778	0.118519	0.0333333	0.00740741	
0.207159	0.0903803	0.0621924	0.21387	0.0894855	0.0049217	0.138255	0.155705	0.0272931	0.0107383	
0.0243902	0.0243902	0.0243902	0.0243902	0.0243902	0.682927	0.0243902	0.0731707	0.0731707	0.0243902	
0.177114	0.218905	0.0686567	0.223881	0.0228856	0.00298507	0.144279	0.103483	0.0238806	0.0139303	
0.0464516	0.0632258	0.252903	0.0645161	0.0451613	0.352258	0.0941935	0.0141935	0.04	0.0270968	
0.14218	0.251185	0.274882	0.00947867	0.0521327	0.0331754	0.146919	0.00947867	0.042654	0.0379147	
0.194415	0.246575	0.22392	0.0468915	0.114858	0.00052687	0.114331	0.052687	0.00474183	0.00105374	
0.345109	0.100543	0.0679348	0.130435	0.127717	0.00271739	0.127717	0.0869565	0.00815217	0.00271739	
0.235294	0.105882	0.305882	0.0235294	0.223529	0.0117647	0.0235294	0.0470588	0.0117647	0.0117647	
0.186656	0.231392	0.100656	0.0516776	0.0250675	0.000385654	0.178943	0.202468	0.018897	0.00385654	
0.059156	0.126601	0.113414	0.021477	0.014318	0.307837	0.210249	0.0418237	0.104748	0.00037679	
0.0422535	0.140845	0.126761	0.0704225	0.0985915	0.0140845	0.28169	0.0140845	0.126761	0.084507	
0.230678	0.0589971	0.169027	0.248673	0.0292035	0.0359882	0.0672566	0.115634	0.0324484	0.0120944	
0.0940715	0.345419	0.168055	0.0254777	0.0622244	0.00244978	0.196472	0.0842724	0.0161685	0.00538951	
0.05	0.05	0.05	0.1	0.1	0.2	0.05	0.05	0.3	0.05	
0.27129	0.112109	0.0535393	0.182896	0.184872	0.00269493	0.0939633	0.0727632	0.0238951	0.00197628	
0.374576	0.125424	0.040678	0.130508	0.0322034	0.00169492	0.169492	0.0966102	0.0254237	0.00338983	
0.23132	0.247697	0.073695	0.165814	0.0706244	0.00204708	0.0716479	0.116684	0.013306	0.00716479	
0.0507937	0.139683	0.28254	0.0582011	0.0328042	0.194709	0.152381	0.0338624	0.0402116	0.0148148	
0.0974026	0.211039	0.13961	0.0779221	0.0194805	0.0487013	0.233766	0.113636	0.0324675	0.025974	
0.241758	0.0769231	0.0989011	0.175824	0.0659341	0.0549451	0.0549451	0.10989	0.10989	0.010989	
0.155431	0.166667	0.177903	0.0805243	0.0524345	0.00187266	0.280899	0.0430712	0.0374532	0.00374532	
0.178332	0.0791236	0.0736458	0.197809	0.0371272	0.00182593	0.230676	0.102252	0.0967742	0.00243457	
0.21202	0.275459	0.185309	0.0601002	0.1202	0.0066778	0.0267112	0.0934891	0.0066778	0.0133556	
0.139175	0.113402	0.247423	0.0257732	0.0515464	0.0979381	0.164948	0.103093	0.0463918	0.0103093	
0.118046	0.109905	0.0909091	0.0284939	0.0800543	0.00407056	0.36635	0.138399	0.0597015	0.00407056	
0.250639	0.138107	0.0332481	0.248082	0.0358056	0.00255754	0.15601	0.107417	0.0255754	0.00255754	
0.163415	0.0865854	0.0804878	0.142683	0.137805	0.00121951	0.186585	0.129268	0.0536585	0.0182927	
0.270852	0.123767	0.0726457	0.0977578	0.032287	0.00896861	0.165919	0.130045	0.0959641	0.00179372	
0.164	0.165333	0.282667	0.173333	0.12	0.00133333	0.032	0.052	0.00533333	0.004	
0.107143	0.446429	0.0178571	0.160714	0.0535714	0.0178571	0.0178571	0.0178571	0.107143	0.0535714	
0.244576	0.162722	0.16568	0.135108	0.0394477	0.00788955	0.128205	0.100592	0.00788955	0.00788955	
0.0873563	0.0689655	0.0942529	0.0517241	0.0356322	0.409195	0.112644	0.0747126	0.0563218	0.0091954	
0.08	0.12	0.04	0.2	0.04	0.16	0.16	0.08	0.04	0.08	
0.254568	0.158343	0.132765	0.194884	0.113276	0.00243605	0.0803898	0.0426309	0.0194884	0.00121803	
0.313823	0.20797	0.0398506	0.146949	0.100872	0.00124533	0.0921544	0.0747198	0.0211706	0.00124533	
0.0735294	0.147059	0.0441176	0.220588	0.0588235	0.0294118	0.220588	0.161765	0.0294118	0.0147059	
0.112164	0.195599	0.194988	0.129584	0.232274	0.00366748	0.0424817	0.0553178	0.0171149	0.0168093	
0.289507	0.133619	0.130193	0.105782	0.135332	0.000428266	0.069379	0.0826552	0.0132762	0.0398287	
0.26541	0.0968852	0.0518033	0.207869	0.0531148	0.00295082	0.147541	0.125738	0.0478689	0.000819672	
0.36	0.28	0.04	0.04	0.04	0.04	0.08	0.04	0.04	0.04	
0.524923	0.199382	0.0211734	0.104543	0.063079	0.000882223	0.0326423	0.0467578	0.00617556	0.000441112	
0.0414747	0.202765	0.211982	0.133641	0.124424	0.0138249	0.0691244	0.0645161	0.078341	0.0599078	
0.314936	0.240448	0.0771903	0.0976457	0.198765	0.00231571	0.0301042	0.0378232	0.000385951	0.000385951	
0.249758	0.164569	0.0319458	0.28364	0.0648596	0.00290416	0.0832527	0.100678	0.00677638	0.0116167	
0.216312	0.120567	0.0851064	0.195035	0.0567376	0.0035461	0.102837	0.141844	0.0638298	0.0141844	
0.0263075	0.0247416	0.187598	0.0573129	0.0754776	0.537739	0.0375822	0.0125274	0.0231757	0.0175384	
0.165975	0.060166	0.0539419	0.224066	0.00414938	0.00414938	0.186722	0.217842	0.0767635	0.00622407	
0.110951	0.157061	0.167147	0.0619597	0.211816	0.00288184	0.207493	0.0504323	0.0273775	0.00288184	
0.170678	0.170678	0.174325	0.0940919	0.0991977	0.00437637	0.135667	0.0955507	0.0532458	0.00218818	
0.189076	0.117647	0.00840336	0.212885	0.0070028	0.00840336	0.212885	0.163866	0.0658263	0.0140056	
0.0616438	0.0958904	0.116438	0.0753425	0.0547945	0.0410959	0.219178	0.273973	0.0479452	0.0136986	
0.110475	0.152209	0.270867	0.125205	0.00736498	0.00245499	0.175941	0.0785597	0.0302782	0.0466448	
0.276234	0.339195	0.0998298	0.0431083	0.152014	0.000567215	0.0635281	0.0243902	0.000567215	0.000567215	
0.259343	0.152888	0.132503	0.216308	0.0520951	0.0011325	0.0554926	0.0939977	0.0294451	0.00679502	
0.181323	0.126848	0.113619	0.126848	0.152529	0.00311284	0.14786	0.088716	0.0342412	0.0249027	
0.097332	0.0281621	0.0308794	0.0923913	0.0521245	0.055583	0.256176	0.148962	0.146245	0.0921443	
0.2	0.15	0.0166667	0.125	0.0541667	0.0125	0.225	0.0375	0.075	0.104167	
0.221221	0.294294	0.0870871	0.0840841	0.161161	0.001001	0.0750751	0.0560561	0.015015	0.00500501	
0.0918239	0.276101	0.0735849	0.139623	0.22327	0.0106918	0.0786164	0.0490566	0.0327044	0.0245283	
0.266391	0.176674	0.084196	0.195997	0.0959282	0.0089717	0.0869565	0.0614217	0.0089717	0.0144928	
0.20776	0.0820236	0.0250491	0.211198	0.0358546	0.00589391	0.240668	0.14833	0.0358546	0.00736739	
0.0117955	0.0353866	0.08519	0.0366972	0.0366972	0.657929	0.0314548	0.0196592	0.0366972	0.0484928	
0.288288	0.243243	0.171171	0.162162	0.00900901	0.018018	0.045045	0.036036	0.00900901	0.018018	
0.140221	0.144834	0.22786	0.108856	0.200185	0.00461255	0.0590406	0.0479705	0.0369004	0.0295203	
0.106282	0.162386	0.111418	0.15567	0.0987752	0.0201501	0.180166	0.0612406	0.097985	0.00592651	
0.172664	0.244378	0.332334	0.0277361	0.0767116	0.00224888	0.0332334	0.0157421	0.001999	0.0929535	
0.259681	0.312073	0.0182232	0.100228	0.00911162	0.00455581	0.0683371	0.216401	0.00683371	0.00455581	
0.153774	0.106244	0.0885368	0.127679	0.0605778	0.0027959	0.306617	0.1137	0.0372787	0.0027959	
0.192411	0.220982	0.0767857	0.165179	0.0629464	0.00223214	0.142411	0.1125	0.0241071	0.000446429	
0.178161	0.315134	0.10249	0.171456	0.0153257	0.00191571	0.12069	0.0699234	0.0220307	0.00287356	
0.26087	0.16178	0.149646	0.139535	0.130435	0.00303337	0.0283114	0.0930233	0.0323559	0.00101112	
0.109091	0.116883	0.168831	0.0311688	0.0805195	0.0025974	0.236364	0.166234	0.0753247	0.012987	
0.235487	0.118291	0.100767	0.245345	0.0832421	0.00438116	0.0799562	0.100767	0.0240964	0.00766703	
0.348	0.1376	0.0848	0.1432	0.1	0.0032	0.104	0.0632	0.0152	0.0008	
0.244444	0.0701058	0.0547619	0.0962963	0.087037	0.00608466	0.228836	0.114021	0.0978836	0.000529101	
0.110687	0.20229	0.0725191	0.236641	0.0019084	0.00763359	0.160305	0.146947	0.0553435	0.00572519	
0.14419	0.230518	0.0956603	0.0284648	0.216986	0.000466636	0.189454	0.0853943	0.0079328	0.000933271	
0.160964	0.182996	0.313375	0.0508035	0.0953862	0.00155521	0.0806117	0.0601348	0.0145153	0.0396579	
0.16468	0.245902	0.0603577	0.108793	0.218331	0.000745156	0.0938897	0.0879285	0.0171386	0.00223547	
0.400596	0.201042	0.114669	0.117647	0.0238273	0.00372301	0.0655249	0.0551005	0.0171258	0.000744602	
0.0200308	0.0200308	0.05547	0.046225	0.0416025	0.687211	0.00616333	0.0600924	0.0616333	0.00154083	
0.0675497	0.107285	0.119205	0.0615894	0.0403974	0.339073	0.149007	0.0470199	0.0649007	0.00397351	
0.216308	0.226501	0.0736127	0.0826727	0.0781427	0.00679502	0.216308	0.0600227	0.0283126	0.011325	
0.148867	0.187702	0.245955	0.0323625	0.12945	0.0194175	0.0873786	0.0226537	0.0355987	0.0906149	
0.367925	0.163522	0.0660377	0.103774	0.101677	0.00104822	0.0628931	0.125786	0.00314465	0.00419287	
0.285664	0.16958	0.187063	0.0965035	0.0468531	0.00629371	0.146154	0.0548951	0.00664336	0.00034965	
0.247043	0.262448	0.110591	0.0228336	0.0558459	0.000825309	0.156259	0.0973865	0.0442916	0.00247593	
0.205375	0.131055	0.0753152	0.209025	0.0597213	0.00132714	0.17651	0.102522	0.0321831	0.00696749	
0.247024	0.169643	0.0327381	0.107143	0.133929	0.00595238	0.169643	0.122024	0.00892857	0.00297619	
0.146421	0.330803	0.0829718	0.0498915	0.0412148	0.000542299	0.0976139	0.237527	0.0124729	0.000542299	
0.224927	0.151899	0.0438169	0.191821	0.216164	0.00097371	0.0379747	0.111977	0.0146056	0.00584226	
0.171924	0.314406	0.127234	0.0899054	0.053102	0.00262881	0.155626	0.0672976	0.0115668	0.00630915	
0.113131	0.0989899	0.0632997	0.254545	0.0525253	0.000673401	0.218182	0.160943	0.0363636	0.0013468	
0.05	0.05	0.05	0.05	0.1	0.1	0.4	0.05	0.1	0.05	
0.219512	0.126829	0.0365854	0.109756	0.0658537	0.00731707	0.182927	0.212195	0.0341463	0.00487805	
0.0640608	0.226927	0.208469	0.206298	0.053203	0.00651466	0.0597177	0.134636	0.0325733	0.00760043	
0.198223	0.143993	0.14259	0.182796	0.0299205	0.0107527	0.11641	0.0972417	0.0584385	0.0196353	
0.208092	0.225434	0.138728	0.0635838	0.109827	0.00578035	0.104046	0.0982659	0.0404624	0.00578035	
0.148936	0.0638298	0.0212766	0.234043	0.0425532	0.0425532	0.12766	0.234043	0.0638298	0.0212766	
0.185654	0.101266	0.120253	0.2173	0.116034	0.0021097	0.0464135	0.175105	0.0295359	0.00632911	
0.0805673	0.1035	0.0665359	0.110441	0.0840374	0.355462	0.0811708	0.0863005	0.0248944	0.00709113	
0.195566	0.216944	0.141726	0.12114	0.191607	0.00316706	0.0736342	0.0490895	0.00633413	0.000791766	
0.240701	0.130712	0.174283	0.140276	0.0690755	0.00053135	0.16525	0.0669501	0.0100956	0.0021254	
0.246914	0.174603	0.0599647	0.253968	0.0388007	0.00176367	0.12522	0.0846561	0.00705467	0.00705467	
0.224784	0.0518732	0.201729	0.132565	0.129683	0.0115274	0.112392	0.0951009	0.0345821	0.00576369	
0.0402174	0.0467391	0.0478261	0.115217	0.0521739	0.13913	0.175	0.098913	0.246739	0.0380435	
0.0941176	0.211765	0.2	0.0823529	0.0823529	0.0117647	0.0470588	0.2	0.0588235	0.0117647	
0.111753	0.429672	0.165703	0.0674374	0.117534	0.00192678	0.0231214	0.0539499	0.026975	0.00192678	
0.285714	0.0238095	0.119048	0.190476	0.047619	0.0238095	0.047619	0.214286	0.0238095	0.0238095	
0.152507	0.409242	0.234977	0.0708661	0.0737671	0.00808123	0.033361	0.0151264	0.000414422	0.00165769	
0.229555	0.156863	0.0420851	0.226686	0.0875179	0.00526064	0.0899091	0.138211	0.0215208	0.0023912	
0.292528	0.17806	0.18283	0.189189	0.09062	0.0063593	0.0254372	0.00953895	0.00476948	0.0206677	
0.169339	0.175112	0.0744067	0.101988	0.076331	0.0121873	0.208467	0.14753	0.0256575	0.00898012	
0.186975	0.118697	0.0283613	0.214286	0.085084	0.00105042	0.151261	0.147059	0.0514706	0.0157563	
0.260752	0.370759	0.127324	0.0606104	0.03577	0.000567779	0.0817601	0.0597587	0.002555	0.000141945	
0.31906	0.0583266	0.014003	0.159009	0.0390001	0.001273	0.191066	0.19419	0.0205995	0.00347182	
0.0433018	0.02977	0.0771313	0.0581867	0.037889	0.0690122	0.0405954	0.0243572	0.0270636	0.592693	
0.199894	0.157476	0.11824	0.0593849	0.0217391	0.00424178	0.206787	0.151644	0.0790032	0.00159067	
0.328431	0.27451	0.0294118	0.151961	0.0392157	0.00490196	0.0735294	0.0686275	0.0196078	0.00980392	
0.163452	0.28731	0.17868	0.0375635	0.0192893	0.00101523	0.20203	0.093401	0.0142132	0.00304569	
0.16	0.234286	0.428571	0.0114286	0.0114286	0.0171429	0.0285714	0.04	0.0342857	0.0342857	
0.223602	0.191718	0.118012	0.0939959	0.0600414	0.00372671	0.109317	0.13499	0.0621118	0.00248447	
0.30078	0.109151	0.0365203	0.116947	0.0619614	0.00533443	0.147312	0.169471	0.0508822	0.00164136	
0.191257	0.251366	0.136612	0.247723	0.0601093	0.00182149	0.0637523	0.0382514	0.00546448	0.00364299	
0.3205	0.205	0.0425	0.06	0.027	0.001	0.0255	0.053	0.265	0.0005	
0.240924	0.148515	0.155116	0.171617	0.145215	0.019802	0.0528053	0.0429043	0.0132013	0.00990099	
0.149511	0.0242997	0.102261	0.105636	0.0313871	0.291596	0.0658117	0.144448	0.0509619	0.0340871	
0.115561	0.381156	0.201248	0.0315167	0.0393959	0.000984898	0.12935	0.0521996	0.0206829	0.0279054	
0.05	0.166667	0.0833333	0.283333	0.316667	0.0166667	0.0166667	0.0166667	0.0333333	0.0166667	
0.258537	0.190244	0.136585	0.102439	0.0390244	0.0097561	0.097561	0.136585	0.0243902	0.00487805	
0.327383	0.20714	0.136073	0.0865611	0.118895	0.000673627	0.0461435	0.0727518	0.00303132	0.00134725	
0.118467	0.154181	0.0574913	0.0897213	0.0278746	0.00174216	0.165505	0.332753	0.0513937	0.00087108	
0.166294	0.135913	0.115766	0.131116	0.0789894	0.00159898	0.273745	0.0719539	0.0227055	0.00191877	
0.108668	0.149683	0.106554	0.163636	0.125581	0.0109937	0.15518	0.12389	0.0503171	0.00549683	
0.125733	0.269998	0.148018	0.0638048	0.0602862	0.000234577	0.224021	0.0853859	0.021581	0.000938306	
0.0192308	0.134615	0.0576923	0.129808	0.0432692	0.0673077	0.182692	0.1875	0.0673077	0.110577	
0.430639	0.0904704	0.158022	0.0651387	0.0518697	0.00361882	0.0952955	0.0989144	0.00482509	0.00120627	
0.138863	0.0417062	0.0345972	0.0341232	0.0635071	0.337441	0.123223	0.156398	0.0445498	0.0255924	
0.207792	0.0909091	0.116883	0.207792	0.025974	0.038961	0.0519481	0.155844	0.0519481	0.0519481	
0.155657	0.0455581	0.0372058	0.257403	0.0417616	0.00455581	0.200456	0.197418	0.0546697	0.00531511	
0.367587	0.179529	0.0698619	0.0901706	0.0203087	0.00487409	0.127539	0.118603	0.021121	0.000406174	
0.205329	0.249216	0.0564263	0.164577	0.0862069	0.0015674	0.122257	0.0830721	0.0297806	0.0015674	
0.145098	0.0392157	0.2	0.0784314	0.0901961	0.0666667	0.145098	0.0666667	0.141176	0.027451	
0.346574	0.220864	0.0547796	0.0661283	0.0589262	0.000218245	0.113269	0.127455	0.00982104	0.00196421	
0.124554	0.226339	0.0825893	0.177679	0.141964	0.003125	0.104464	0.102679	0.0330357	0.00357143	
0.47208	0.093886	0.0204429	0.118872	0.0172251	0.000567859	0.10335	0.158433	0.0115465	0.00359644	
0.150079	0.21169	0.278041	0.0521327	0.110585	0.00157978	0.0750395	0.0939968	0.021327	0.00552923	
0.215359	0.0383973	0.00500835	0.238731	0.0417362	0.0116861	0.227045	0.166945	0.0450751	0.0100167	
0.0271739	0.11413	0.163043	0.0217391	0.157609	0.195652	0.163043	0.0108696	0.11413	0.0326087	
0.156184	0.210692	0.116352	0.0293501	0.0471698	0.00314465	0.165618	0.25891	0.00419287	0.00838574	
0.13795	0.0880301	0.085883	0.0558239	0.0477724	0.0381106	0.248524	0.114868	0.0874933	0.0955448	
0.0454545	0.0227273	0.0227273	0.204545	0.136364	0.0454545	0.363636	0.0227273	0.0681818	0.0681818	
0.181622	0.269921	0.198134	0.101938	0.05743	0.00502513	0.127782	0.051687	0.00215363	0.00430725	
0.174747	0.151515	0.0585859	0.15	0.0353535	0.0010101	0.15101	0.102525	0.170707	0.00454545	
0.0130548	0.0078329	0.0208877	0.0548303	0.0287206	0.67624	0.138381	0.0391645	0.0078329	0.0130548	
0.323139	0.165438	0.290715	0.055269	0.0932203	0.00110538	0.0445836	0.0187915	0.0036846	0.00405306	
0.224925	0.146618	0.0459847	0.114295	0.191603	0.00399867	0.135621	0.108964	0.0166611	0.0113296	
0.277911	0.120648	0.212485	0.0714286	0.103842	0.00060024	0.151261	0.0570228	0.0030012	0.00180072	
0.0930902	0.173704	0.0873321	0.114203	0.100768	0.00191939	0.266795	0.106526	0.0412668	0.0143954	
0.385965	0.129825	0.0421053	0.136842	0.0526316	0.00350877	0.108772	0.0877193	0.0421053	0.0105263	
0.308333	0.179924	0.17803	0.0973485	0.0655303	0.000378788	0.0647727	0.0924242	0.00568182	0.00757576	
0.120787	0.191011	0.120787	0.0786517	0.0308989	0.0196629	0.292135	0.0898876	0.0505618	0.00561798	
0.136007	0.202267	0.13252	0.22755	0.0985179	0.0148213	0.0697472	0.0296425	0.0514385	0.0374891	
0.143457	0.231092	0.158463	0.0630252	0.248499	0.00780312	0.0942377	0.0384154	0.0114046	0.00360144	
0.176904	0.189189	0.0730958	0.0798526	0.277641	0.000614251	0.121622	0.0571253	0.0227273	0.0012285	
0.171439	0.186453	0.126047	0.118715	0.0597067	0.000698324	0.219972	0.0921788	0.0233939	0.00139665	
0.288729	0.128324	0.0987759	0.129168	0.0717602	0.00126636	0.142676	0.0797805	0.0582524	0.00126636	
0.270729	0.202797	0.100899	0.0799201	0.0879121	0.000999001	0.1998	0.045954	0.00999001	0.000999001	
0.113095	0.0595238	0.119048	0.0952381	0.0357143	0.220238	0.0952381	0.154762	0.0714286	0.0357143	
0.24685	0.118557	0.0882016	0.249714	0.139748	0.000572738	0.0378007	0.0904926	0.0263459	0.00171821	
0.449495	0.0707071	0.0542929	0.0909091	0.188131	0.00126263	0.040404	0.084596	0.0176768	0.00252525	
0.193907	0.236929	0.0767806	0.146562	0.157266	0.00391107	0.0817209	0.077604	0.01338	0.0119391	
0.186588	0.193431	0.163777	0.0456204	0.189325	0.000456204	0.104471	0.103102	0.00547445	0.00775547	
0.224382	0.324205	0.0724382	0.129859	0.0503534	0.00618375	0.103357	0.0680212	0.0150177	0.00618375	
0.278246	0.20742	0.0758853	0.0775717	0.0876897	0.00168634	0.118044	0.141653	0.010118	0.00168634	
0.164418	0.0430017	0.0261383	0.215008	0.0311973	0.0261383	0.195616	0.183811	0.0902192	0.0244519	
0.276826	0.203196	0.156393	0.106164	0.144406	0.000570776	0.0644977	0.0439498	0.00285388	0.00114155	
0.245487	0.286402	0.11793	0.0288809	0.0673887	0.00120337	0.113117	0.126354	0.0108303	0.00240674	
0.0976431	0.245791	0.158249	0.185185	0.114478	0.010101	0.026936	0.151515	0.00673401	0.003367	
0.188976	0.217609	0.172513	0.0586972	0.0193271	0.0035791	0.186113	0.11811	0.0322119	0.00286328	
0.0472754	0.0337261	0.0460972	0.037408	0.0369661	0.0868925	0.0405007	0.037408	0.0553756	0.578351	
0.135672	0.143614	0.139643	0.221707	0.099272	0.00132363	0.105228	0.146261	0.00463269	0.00264725	
0.103734	0.153527	0.136929	0.0705394	0.0414938	0.282158	0.0497925	0.0580913	0.0414938	0.0622407	
0.0833333	0.0833333	0.166667	0.166667	0.0833333	0.0833333	0.0833333	0.0833333	0.0833333	0.0833333	
0.177083	0.0833333	0.09375	0.15625	0.135417	0.0520833	0.09375	0.166667	0.03125	0.0104167	
0.228688	0.107198	0.0530883	0.0689127	0.377233	0.00510465	0.058193	0.0832057	0.0122511	0.00612557	
0.1875	0.1875	0.09375	0.15625	0.03125	0.03125	0.0625	0.15625	0.03125	0.0625	
0.0791667	0.1925	0.124167	0.0775	0.0833333	0.0133333	0.124167	0.101667	0.0666667	0.1375	
0.1294	0.34265	0.0838509	0.109731	0.0786749	0.00207039	0.142857	0.0869565	0.00517598	0.0186335	
0.379966	0.112479	0.125909	0.0979295	0.135982	0.00279799	0.0671517	0.0526021	0.00503637	0.0201455	
0.109111	0.0697413	0.109111	0.123735	0.125984	0.0202475	0.19685	0.115861	0.105737	0.023622	
0.309338	0.0817593	0.103421	0.186105	0.0552107	0.00250958	0.144499	0.0952318	0.0212654	0.000660415	
0.23284	0.336474	0.211306	0.0228802	0.0578735	0.0013459	0.076716	0.0484522	0.00403769	0.00807537	
0.0183793	0.0233918	0.0350877	0.0618212	0.0977444	0.324979	0.0952381	0.10944	0.0517962	0.182122	
0.110522	0.189213	0.0167993	0.310345	0.0760389	0.00353669	0.118479	0.118479	0.0495137	0.00707339	
0.128151	0.186975	0.0693277	0.184874	0.0777311	0.0147059	0.144958	0.178571	0.012605	0.00210084	
0.210596	0.225166	0.0609272	0.156291	0.0728477	0.00662252	0.141722	0.0993377	0.0225166	0.00397351	
0.0614525	0.452514	0.0446927	0.0335196	0.0614525	0.0614525	0.139665	0.0893855	0.0391061	0.0167598	
0.195515	0.293114	0.143083	0.116551	0.109286	0.0255843	0.0641188	0.0388503	0.00821226	0.00568541	
0.0917431	0.256881	0.0366972	0.0917431	0.146789	0.00917431	0.0917431	0.229358	0.00917431	0.0366972	
0.193825	0.220319	0.185259	0.13506	0.161554	0.000398406	0.0503984	0.0476096	0.00398406	0.00159363	
0.0687023	0.473282	0.0954198	0.167939	0.0916031	0.00763359	0.0419847	0.0419847	0.00381679	0.00763359	
0.256378	0.149347	0.224642	0.100187	0.0429371	0.00373367	0.145613	0.0547604	0.0192906	0.00311139	
0.00554236	0.02692	0.0364212	0.0285036	0.00950119	0.686461	0.0332542	0.0538401	0.0617577	0.0577989	
0.189679	0.267782	0.0850767	0.177127	0.041841	0.0013947	0.101813	0.0920502	0.0390516	0.0041841	
0.182927	0.0731707	0.0487805	0.243902	0.158537	0.0243902	0.109756	0.0487805	0.097561	0.0121951	
0.0909091	0.0909091	0.0909091	0.0909091	0.0909091	0.0909091	0.0909091	0.181818	0.0909091	0.0909091	
0.152455	0.116925	0.0552326	0.165698	0.0416667	0.0132429	0.212855	0.129522	0.0939922	0.0184109	
0.151691	0.155556	0.0599034	0.274396	0.0560386	0.00193237	0.107246	0.143961	0.0289855	0.0202899	
0.230769	0.0769231	0.0769231	0.0769231	0.0769231	0.153846	0.0769231	0.0769231	0.0769231	0.0769231	
0.20202	0.368687	0.0353535	0.116162	0.0959596	0.0151515	0.00505051	0.151515	0.00505051	0.00505051	
0.110512	0.120283	0.155997	0.0667116	0.0643531	0.28841	0.110512	0.0525606	0.0293127	0.00134771	
0.233409	0.263657	0.096614	0.069526	0.0505643	0.00316027	0.109707	0.122799	0.0469526	0.00361174	
0.209677	0.00537634	0.123656	0.284946	0.0645161	0.00537634	0.0376344	0.204301	0.0537634	0.0107527	
0.212626	0.128582	0.056158	0.150658	0.153757	0.00387297	0.0580945	0.180093	0.0549961	0.00116189	
0.288754	0.190729	0.0395137	0.147416	0.075228	0.00303951	0.12538	0.0828267	0.0357143	0.0113982	
0.133333	0.0972222	0.0583333	0.0694444	0.0694444	0.0416667	0.122222	0.166667	0.155556	0.0861111	
0.177489	0.0987013	0.0536797	0.155844	0.0961039	0.000865801	0.2	0.141991	0.0614719	0.0138528	
0.192969	0.241586	0.0538519	0.163052	0.0538519	0.00448766	0.158564	0.112191	0.0179506	0.00149589	
0.204918	0.270492	0.0245902	0.106557	0.0245902	0.00819672	0.131148	0.180328	0.0409836	0.00819672	
0.209335	0.114003	0.15587	0.0478076	0.0231966	0.00226308	0.306648	0.107496	0.0294201	0.0039604	
0.0544218	0.435374	0.122449	0.0952381	0.047619	0.00226757	0.113379	0.113379	0.0136054	0.00226757	
0.148914	0.211389	0.15383	0.19705	0.109177	0.000204834	0.115936	0.0520279	0.0104465	0.00102417	
0.118744	0.308612	0.270111	0.0763931	0.105775	0.00162107	0.0895643	0.0208713	0.00385005	0.00445795	
0.172043	0.0537634	0.0430108	0.0752688	0.462366	0.0107527	0.0860215	0.0215054	0.0537634	0.0215054	
0.300962	0.272115	0.0807692	0.0346154	0.141346	0.00288462	0.0384615	0.113462	0.00384615	0.0115385	
0.443078	0.177707	0.0579135	0.1071	0.0579135	0.00277668	0.0654502	0.0749702	0.0103134	0.00277668	
0.161826	0.369295	0.0622407	0.033195	0.124481	0.00414938	0.0124481	0.215768	0.00414938	0.0124481	
0.250211	0.118787	0.0775063	0.210615	0.0429655	0.0042123	0.16765	0.10615	0.0176917	0.0042123	
0.140793	0.137903	0.0660611	0.146573	0.0924855	0.111478	0.137903	0.123865	0.0425268	0.000412882	
0.0512821	0.102564	0.128205	0.0769231	0.153846	0.025641	0.025641	0.230769	0.153846	0.0512821	
0.583187	0.138354	0.0718039	0.112084	0.061296	0.00175131	0.0175131	0.00525394	0.00175131	0.00700525	
0.145089	0.448661	0.113839	0.0290179	0.176339	0.00223214	0.0357143	0.0245536	0.0223214	0.00223214	
0.260353	0.128005	0.0298291	0.0978859	0.0952795	0.00492326	0.167101	0.186794	0.0275123	0.00231683	
0.150943	0.169811	0.0377358	0.245283	0.150943	0.0188679	0.0566038	0.0566038	0.0566038	0.0566038	
0.273894	0.143682	0.0724824	0.125722	0.12508	0.000641437	0.128929	0.108403	0.0166774	0.00449006	
0.33062	0.187226	0.0901691	0.133375	0.0319349	0.00125235	0.0958046	0.107076	0.0125235	0.0100188	
0.149905	0.13852	0.100569	0.182163	0.16129	0.00189753	0.0588235	0.1537	0.0360531	0.0170778	
0.176121	0.247521	0.215787	0.097977	0.134867	0.0122967	0.0186434	0.0547402	0.00952003	0.0325268	
0.199139	0.158235	0.0904198	0.22605	0.145318	0.00107643	0.0839612	0.0645856	0.0279871	0.00322928	
0.136667	0.131111	0.106667	0.0266667	0.0233333	0.00222222	0.168889	0.382222	0.0211111	0.00111111	
0.170635	0.031746	0.047619	0.0634921	0.198413	0.0198413	0.261905	0.107143	0.0277778	0.0714286	
0.178161	0.0857648	0.0685234	0.236074	0.103006	0.00132626	0.144562	0.128647	0.0517241	0.00221043	
0.0181818	0.0363636	0.181818	0.345455	0.145455	0.0545455	0.0545455	0.0181818	0.127273	0.0181818	
0.364311	0.153207	0.0391924	0.223575	0.00920428	0.00178147	0.087886	0.0973872	0.0222684	0.00118765	
0.105263	0.0771199	0.228801	0.063962	0.0233918	0.0149854	0.200658	0.120249	0.0500731	0.115497	
0.156146	0.108804	0.0315615	0.104651	0.00830565	0.421096	0.0240864	0.0847176	0.0531561	0.00747508	
0.117021	0.135258	0.0592705	0.147416	0.0486322	0.00455927	0.273556	0.132219	0.0790274	0.00303951	
0.173913	0.0869565	0.217391	0.130435	0.0434783	0.0869565	0.0869565	0.0869565	0.0434783	0.0434783	
0.20539	0.200743	0.225836	0.0343866	0.063197	0.00743494	0.0938662	0.0269517	0.0232342	0.118959	
0.136429	0.228036	0.07375	0.264286	0.0428571	0.00107143	0.127321	0.10625	0.01875	0.00125	
0.0892553	0.1444	0.113132	0.134736	0.102331	0.00113701	0.110858	0.274019	0.0125071	0.0176236	
0.216949	0.152542	0.0271186	0.237288	0.0271186	0.0135593	0.189831	0.0576271	0.0305085	0.0474576	
0.232394	0.264085	0.0809859	0.116197	0.0105634	0.00352113	0.0985915	0.130282	0.0528169	0.0105634	
0.0858209	0.160448	0.0708955	0.179104	0.0522388	0.0223881	0.0671642	0.171642	0.152985	0.0373134	
0.0796353	0.0820669	0.105775	0.093617	0.0303951	0.0218845	0.348936	0.110638	0.0820669	0.0449848	
0.0207927	0.0214425	0.0149448	0.0292398	0.0253411	0.703054	0.0604288	0.0532814	0.0344379	0.037037	
0.0848485	0.240404	0.121212	0.155556	0.0222222	0.00606061	0.20202	0.153535	0.0040404	0.010101	
0.0852018	0.0792227	0.0313901	0.2287	0.0224215	0.00597907	0.189836	0.233184	0.109118	0.0149477	
0.127376	0.19962	0.291635	0.13384	0.169962	0.00532319	0.0365019	0.0277567	0.00494297	0.00304183	
0.0848287	0.159869	0.0978793	0.0848287	0.00815661	0.285481	0.200653	0.0440457	0.0244698	0.00978793	
0.262136	0.126214	0.0291262	0.0970874	0.116505	0.0291262	0.0291262	0.184466	0.0485437	0.0776699	
0.0727144	0.156724	0.152136	0.0434169	0.0236498	0.0109425	0.330745	0.0787151	0.117896	0.0130604	
0.319521	0.166606	0.0982765	0.102066	0.0287251	0.00146681	0.0795746	0.197653	0.00574502	0.000366703	
0.317829	0.155039	0.0465116	0.20155	0.0891473	0.00387597	0.0465116	0.0736434	0.0193798	0.0465116	
0.0416667	0.0833333	0.125	0.0833333	0.0416667	0.0833333	0.125	0.0416667	0.0416667	0.333333	
0.140271	0.122172	0.0678733	0.0723982	0.0361991	0.0135747	0.135747	0.375566	0.0271493	0.00904977	
0.173913	0.00334448	0.0434783	0.113712	0.00668896	0.00334448	0.250836	0.187291	0.204013	0.0133779	
0.388889	0.213492	0.0904762	0.110317	0.0349206	0.00714286	0.0428571	0.103175	0.00714286	0.0015873	
0.0314703	0.0553877	0.0468278	0.00629406	0.00855992	0.00830816	0.0193857	0.0128399	0.0138469	0.79708	
0.15	0.228846	0.107692	0.140385	0.1	0.00576923	0.130769	0.0865385	0.0346154	0.0153846	
0.246799	0.219061	0.153627	0.242532	0.0654339	0.000711238	0.0348506	0.0305832	0.00426743	0.00213371	
0.135773	0.182764	0.0811664	0.215825	0.0988113	0.0137444	0.145059	0.0921248	0.026003	0.00872957	
0.0636132	0.0732824	0.167939	0.0860051	0.112468	0.142494	0.177099	0.114504	0.0361323	0.0264631	
0.162025	0.0670886	0.035443	0.183544	0.0455696	0.00759494	0.241772	0.167089	0.0860759	0.00379747	
0.0687831	0.0296296	0.0201058	0.18836	0.138624	0.0507937	0.100529	0.357672	0.0296296	0.015873	
0.131491	0.170017	0.0686767	0.167504	0.0753769	0.00753769	0.196817	0.144054	0.0251256	0.0134003	
0.127273	0.224242	0.0242424	0.0484848	0.0909091	0.236364	0.10303	0.0909091	0.00606061	0.0484848	
0.261972	0.18169	0.0274648	0.234507	0.0211268	0.00140845	0.155634	0.104225	0.00704225	0.00492958	
0.194346	0.201413	0.0459364	0.226148	0.159011	0.00706714	0.0671378	0.0883392	0.00353357	0.00706714	
0.166667	0.0652174	0.0724638	0.0724638	0.115942	0.0144928	0.23913	0.15942	0.0217391	0.0724638	
0.162187	0.240964	0.147359	0.216867	0.121409	0.00185357	0.047266	0.0444856	0.0166821	0.000926784	
0.273101	0.394314	0.0591096	0.156379	0.0276842	0.000748223	0.0493827	0.0261878	0.0112233	0.00187056	
0.205479	0.0958904	0.035225	0.107632	0.0763209	0.0273973	0.148728	0.121331	0.166341	0.0156556	
0.270431	0.150048	0.095311	0.0539713	0.146029	0.00535885	0.149665	0.105646	0.0208612	0.00267943	
0.0208333	0.0625	0.0625	0.0208333	0.0833333	0.583333	0.0208333	0.0208333	0.0833333	0.0416667	
0.238881	0.08895	0.0917011	0.153141	0.15635	0.00412655	0.131591	0.102247	0.0288858	0.00412655	
0.138185	0.272417	0.183648	0.154537	0.0792453	0.00772686	0.0860737	0.0569632	0.0127583	0.00844564	
0.331422	0.19929	0.0854491	0.131677	0.038675	0.001274	0.118027	0.0846301	0.00919101	0.000364	
0.206949	0.0936556	0.0770393	0.155589	0.204683	0.00377644	0.0717523	0.122356	0.0438066	0.0203927	
0.245933	0.184639	0.0832387	0.0847522	0.107075	0.000756716	0.144154	0.118804	0.0302686	0.000378358	
0.45977	0.15613	0.000957854	0.139847	0.1341	0.000957854	0.0373563	0.0517241	0.0105364	0.00862069	
0.135906	0.0771812	0.21057	0.0629195	0.125839	0.0444631	0.244966	0.0478188	0.0310403	0.0192953	
0.253691	0.31649	0.0858806	0.101892	0.025785	0.000207943	0.0977334	0.106675	0.00998129	0.00166355	
0.154378	0.145161	0.140553	0.124424	0.0552995	0.00230415	0.168203	0.152074	0.0483871	0.00921659	
0.181553	0.142718	0.0970874	0.242718	0.133981	0.00970874	0.0320388	0.126214	0.0291262	0.00485437	
0.192488	0.248826	0.0915493	0.103286	0.0821596	0.00469484	0.105634	0.157277	0.00704225	0.00704225	
0.0537313	0.253731	0.0537313	0.134328	0.259701	0.0119403	0.110448	0.0746269	0.038806	0.00895522	
0.059467	0.169144	0.111641	0.0199158	0.278261	0.00112202	0.130435	0.0740533	0.12791	0.0280505	
0.208	0.158222	0.118222	0.0773333	0.137778	0.00533333	0.104	0.142222	0.008	0.0408889	
0.27596	0.133535	0.0325391	0.261735	0.148649	0.000711238	0.0784139	0.0551209	0.0119132	0.00142248	
0.233672	0.148041	0.0725689	0.230769	0.0667634	0.030479	0.121916	0.0754717	0.0159652	0.00435414	
0.263498	0.165835	0.0416289	0.192945	0.065676	0.00283575	0.135322	0.118875	0.0114564	0.00192831	
0.0816327	0.22449	0.102041	0.265306	0.0612245	0.0204082	0.0612245	0.102041	0.0612245	0.0204082	
0.0644959	0.103945	0.0663745	0.082655	0.0137758	0.0131497	0.319975	0.111459	0.0958046	0.128366	
0.135447	0.216138	0.285303	0.0461095	0.0864553	0.0115274	0.0691643	0.0317003	0.0461095	0.0720461	
0.262321	0.122235	0.111758	0.154831	0.102445	0.00194024	0.112146	0.102057	0.0267753	0.00349243	
0.296774	0.121408	0.0914956	0.220528	0.0956012	0.00293255	0.103226	0.0545455	0.00821114	0.00527859	
0.288975	0.0713939	0.282176	0.0485673	0.186498	0.00291404	0.0432249	0.0480816	0.0053424	0.0228266	
0.225688	0.212475	0.130281	0.0768167	0.0556153	0.0224305	0.133354	0.115225	0.0273468	0.000768167	
0.0736842	0.0631579	0.136842	0.210526	0.210526	0.0105263	0.105263	0.126316	0.0526316	0.0105263	
0.0134357	0.0364683	0.0345489	0.0403071	0.0134357	0.71977	0.0403071	0.0403071	0.0556622	0.00575816	
0.223322	0.10451	0.0583058	0.0990099	0.0946095	0.00385039	0.19747	0.156216	0.0533553	0.00935094	
0.217033	0.175824	0.0892857	0.156593	0.0755495	0.0549451	0.0947802	0.103022	0.0315934	0.00137363	
0.268132	0.18022	0.0923077	0.149451	0.142857	0.0043956	0.0351648	0.0989011	0.0263736	0.0021978	
0.0214724	0.180982	0.0490798	0.0460123	0.0644172	0.174847	0.0214724	0.107362	0.0521472	0.282209	
0.200161	0.238095	0.0605327	0.165456	0.134786	0.00161421	0.107345	0.0524617	0.0338983	0.00564972	
0.348465	0.168224	0.058745	0.121495	0.11749	0.00267023	0.0961282	0.0694259	0.0160214	0.00133511	
0.0496278	0.0372208	0.0397022	0.0496278	0.0173697	0.0992556	0.156328	0.0372208	0.0372208	0.476427	
0.41989	0.171271	0.038674	0.0842541	0.0138122	0.00552486	0.122928	0.138122	0.00276243	0.00276243	
0.137615	0.178899	0.0688073	0.110092	0.215596	0.0229358	0.192661	0.0458716	0.00917431	0.0183486	
0.0883392	0.187279	0.0812721	0.141343	0.314488	0.00353357	0.0636042	0.0671378	0.0176678	0.0353357	
0.263263	0.11962	0.182182	0.0820821	0.0975976	0.004004	0.104104	0.11962	0.0145145	0.013013	
0.120438	0.143552	0.217762	0.0346715	0.0152068	0.00182482	0.400243	0.0419708	0.020073	0.00425791	
0.0169492	0.0508475	0.0169492	0.20339	0.322034	0.0169492	0.135593	0.118644	0.101695	0.0169492	
0.197368	0.0526316	0.118421	0.105263	0.368421	0.0131579	0.0131579	0.0921053	0.0263158	0.0131579	
0.296296	0.101852	0.0740741	0.101852	0.148148	0.00925926	0.12963	0.111111	0.0185185	0.00925926	
0.331334	0.0895247	0.0253807	0.108906	0.0839871	0.00553761	0.168897	0.15413	0.028611	0.00369174	
0.307692	0.246154	0.0769231	0.2	0.0153846	0.0153846	0.0307692	0.0769231	0.0153846	0.0153846	
0.0436681	0.152838	0.0764192	0.0567686	0.0633188	0.00218341	0.131004	0.447598	0.0240175	0.00218341	
0.477064	0.0963303	0.0688073	0.142202	0.00458716	0.00458716	0.114679	0.0825688	0.00458716	0.00458716	
0.157895	0.0526316	0.157895	0.105263	0.105263	0.157895	0.0526316	0.105263	0.0526316	0.0526316	
0.173333	0.16	0.0133333	0.173333	0.0266667	0.106667	0.0533333	0.0933333	0.106667	0.0933333	
0.381772	0.20962	0.0222785	0.0946835	0.044557	0.000506329	0.11443	0.123038	0.00506329	0.00405063	
0.277603	0.227129	0.0536278	0.107256	0.0914826	0.0567823	0.0536278	0.104101	0.022082	0.00630915	
0.0703704	0.177778	0.292593	0.0555556	0.0703704	0.0407407	0.162963	0.037037	0.0740741	0.0185185	
0.152425	0.228637	0.0808314	0.247113	0.073903	0.00230947	0.0785219	0.103926	0.0230947	0.00923788	
0.0503212	0.0182013	0.0631692	0.0770878	0.0310493	0.505353	0.0620985	0.0438972	0.110278	0.0385439	
0.183702	0.16989	0.132597	0.0939227	0.0745856	0.00276243	0.175414	0.13674	0.019337	0.0110497	
0.175248	0.136634	0.0465347	0.165347	0.0970297	0.0148515	0.212871	0.106931	0.0346535	0.00990099	
0.161368	0.186563	0.0827834	0.10078	0.079784	0.00119976	0.154169	0.170366	0.0515897	0.0113977	
0.203987	0.218359	0.080204	0.166898	0.0185443	0.0560964	0.105239	0.0992119	0.0310617	0.0203987	
0.221182	0.118783	0.0748976	0.162668	0.14687	0.00292569	0.140433	0.10591	0.0140433	0.0122879	
0.253589	0.14917	0.129187	0.12412	0.124683	0.000844357	0.123558	0.0821841	0.0109766	0.00168871	
0.252459	0.288777	0.139218	0.131148	0.0287516	0.000504414	0.0673392	0.0837327	0.00554855	0.00252207	
0.179122	0.176157	0.059312	0.0735469	0.256821	0.00177936	0.0409253	0.07414	0.010083	0.128114	
0.00630915	0.0252366	0.0804416	0.0378549	0.0394322	0.274448	0.044164	0.124606	0.0946372	0.272871	
0.248384	0.254351	0.0415216	0.0569368	0.0822974	0.000248633	0.105669	0.190204	0.0201392	0.000248633	
0.101961	0.133824	0.236275	0.0754902	0.00441176	0.12549	0.189706	0.077451	0.054902	0.000490196	
0.177778	0.303704	0.140741	0.148148	0.148148	0.00740741	0.0148148	0.0222222	0.0296296	0.00740741	
0.0588235	0.0588235	0.117647	0.176471	0.0588235	0.0588235	0.0588235	0.235294	0.0588235	0.117647	
0.133995	0.206576	0.153226	0.0452854	0.0372208	0.164392	0.16067	0.0856079	0.0124069	0.000620347	
0.0792019	0.0677146	0.0634825	0.0501814	0.0876663	0.120314	0.0429262	0.0719468	0.330109	0.0864571	
0.170292	0.127851	0.154377	0.167639	0.176658	0.00212202	0.12626	0.0572944	0.0153846	0.00212202	
0.0227273	0.113636	0.0227273	0.0681818	0.0681818	0.0227273	0.409091	0.113636	0.136364	0.0227273	
0.133552	0.158388	0.0651359	0.120431	0.114339	0.00515464	0.182755	0.166823	0.0492034	0.00421743	
0.173542	0.0347083	0.0552426	0.1839	0.0785026	0.000726876	0.266945	0.127022	0.0706887	0.00872251	
0.0990079	0.207341	0.114484	0.0654762	0.039881	0.107738	0.256548	0.064881	0.0378968	0.00674603	
0.0666667	0.133333	0.0666667	0.2	0.2	0.0666667	0.0666667	0.0666667	0.0666667	0.0666667	
0.268722	0.0528634	0.00881057	0.242291	0.110132	0.00881057	0.136564	0.145374	0.00440529	0.0220264	
0.115142	0.363722	0.165615	0.140694	0.0646688	0.0107256	0.0671924	0.0564669	0.0132492	0.00252366	
0.0372881	0.0813559	0.0508475	0.0644068	0.040678	0.0474576	0.267797	0.149153	0.223729	0.0372881	
0.201117	0.0726257	0.0726257	0.173184	0.217877	0.00558659	0.0837989	0.0558659	0.027933	0.0893855	
0.137056	0.395939	0.0482234	0.0736041	0.175127	0.0177665	0.071066	0.0482234	0.0101523	0.0228426	
0.301922	0.294007	0.0644553	0.16095	0.0814173	0.0241236	0.021862	0.0452318	0.00339239	0.00263852	
0.3	0.2	0.0666667	0.0666667	0.0333333	0.0333333	0.0666667	0.1	0.0666667	0.0666667	
0.283381	0.053267	0.162642	0.109375	0.101562	0.00497159	0.100142	0.151989	0.0298295	0.00284091	
0.324458	0.17357	0.155819	0.167653	0.0147929	0.000986193	0.105523	0.0424063	0.0138067	0.000986193	
0.168453	0.231751	0.101327	0.204952	0.0431343	0.00229709	0.0995406	0.124809	0.020929	0.00280755	
0.206897	0.0344828	0.0229885	0.126437	0.126437	0.0114943	0.287356	0.0804598	0.091954	0.0114943	
0.200198	0.170466	0.0564916	0.0852329	0.278494	0.00297324	0.0891972	0.0624381	0.0515362	0.00297324	
0.287262	0.130557	0.0963765	0.02839	0.204146	0.000747105	0.0853567	0.0330594	0.00448263	0.129623	
0.0379747	0.468354	0.151899	0.0379747	0.101266	0.0759494	0.0126582	0.0253165	0.0632911	0.0253165	
0.225806	0.0887097	0.0705645	0.296371	0.0826613	0.00201613	0.0887097	0.110887	0.0282258	0.00604839	
0.127933	0.166162	0.0851628	0.103709	0.146858	0.00264951	0.194171	0.130961	0.0397426	0.00264951	
0.132584	0.173034	0.146067	0.119101	0.0179775	0.00449438	0.307865	0.0853933	0.011236	0.00224719	
0.368421	0.171053	0.0131579	0.0789474	0.157895	0.0263158	0.0131579	0.131579	0.0131579	0.0263158	
0.199575	0.199575	0.029724	0.178344	0.0233546	0.00636943	0.171975	0.140127	0.0382166	0.0127389	
0.0763889	0.128739	0.0347222	0.0860043	0.0443376	0.0042735	0.190705	0.388355	0.0459402	0.000534188	
0.0177809	0.0433855	0.0625889	0.0163585	0.0241821	0.672119	0.06899	0.0199147	0.0440967	0.0305832	
0.26124	0.333278	0.158115	0.0275781	0.0782216	0.00016714	0.115995	0.0207254	0.00367709	0.00100284	
0.423611	0.1875	0.0347222	0.0763889	0.0833333	0.00694444	0.0277778	0.138889	0.0138889	0.00694444	
0.226055	0.0965138	0.128807	0.0572477	0.126606	0.00513761	0.229725	0.0763303	0.0469725	0.0066055	
0.177536	0.119112	0.044837	0.149909	0.0896739	0.00543478	0.192029	0.168931	0.0394022	0.0131341	
0.268717	0.266202	0.0590056	0.0959567	0.112014	0.00154769	0.0928613	0.0808667	0.0212807	0.00154769	
0.285812	0.0685401	0.186086	0.215216	0.0863605	0.00411241	0.0486635	0.0692255	0.0352981	0.000685401	
0.203459	0.159715	0.051882	0.272635	0.133266	0.00305188	0.0498474	0.0895219	0.0264496	0.0101729	
0.188581	0.241349	0.134083	0.262111	0.0544983	0.000865052	0.0397924	0.0692042	0.00778547	0.0017301	
0.126316	0.115789	0.0105263	0.178947	0.0315789	0.0105263	0.284211	0.168421	0.0631579	0.0105263	
0.388489	0.136691	0.0767386	0.057554	0.131894	0.00239808	0.0479616	0.153477	0.00239808	0.00239808	
0.463345	0.118557	0.0922108	0.0469645	0.0469645	0.0257732	0.0819015	0.107102	0.0120275	0.00515464	
0.0714286	0.0714286	0.0714286	0.0714286	0.0714286	0.142857	0.0714286	0.0714286	0.0714286	0.285714	
0.206136	0.168744	0.0604027	0.139981	0.12464	0.00671141	0.173538	0.0690316	0.042186	0.00862895	
0.175739	0.17846	0.132193	0.18196	0.0933126	0.000777605	0.126361	0.0917574	0.0190513	0.000388802	
0.222222	0.166667	0.0555556	0.0555556	0.166667	0.0555556	0.111111	0.0555556	0.0555556	0.0555556	
0.116667	0.045	0.158333	0.16	0.133333	0.005	0.0333333	0.0616667	0.158333	0.128333	
0.10664	0.418511	0.0804829	0.028169	0.0603622	0.00201207	0.146881	0.126761	0.028169	0.00201207	
0.0675676	0.182432	0.0135135	0.290541	0.101351	0.00675676	0.0945946	0.209459	0.027027	0.00675676	
0.227158	0.13809	0.114384	0.189873	0.058458	0.00460299	0.149827	0.073878	0.038435	0.00529344	
0.149672	0.384195	0.0662782	0.168609	0.0451566	0.00254916	0.074654	0.0939548	0.0134741	0.00145666	
0.231977	0.099968	0.055431	0.0865107	0.174624	0.00704902	0.216918	0.0871516	0.0314002	0.00897148	
0.213703	0.125612	0.0815661	0.23491	0.0358891	0.0163132	0.091354	0.181077	0.0179445	0.00163132	
0.198762	0.319505	0.0996904	0.0557276	0.0934985	0.000619195	0.0916409	0.13808	0.000619195	0.00185759	
0.0647482	0.248201	0.176978	0.114748	0.031295	0.0233813	0.0917266	0.0690647	0.0305755	0.149281	
0.312977	0.256997	0.152672	0.0687023	0.142494	0.00254453	0.0101781	0.0229008	0.0229008	0.00763359	
0.0824411	0.191649	0.146681	0.11242	0.262313	0.00321199	0.111349	0.0706638	0.00963597	0.00963597	
0.264092	0.079497	0.0229059	0.128677	0.191556	0.000449135	0.130025	0.163261	0.0175163	0.00202111	
0.248814	0.185209	0.0722294	0.226822	0.115783	0.00495903	0.0821475	0.0582147	0.00344976	0.00237171	
0.147059	0.0588235	0.117647	0.147059	0.117647	0.0588235	0.0294118	0.147059	0.0882353	0.0882353	
0.377622	0.0559441	0.0699301	0.265734	0.034965	0.034965	0.0699301	0.0629371	0.013986	0.013986	
0.182679	0.327496	0.180786	0.08708	0.0496924	0.000473261	0.0960719	0.0473261	0.0184572	0.00993848	
0.256246	0.295503	0.101356	0.189864	0.0214133	0.00356888	0.0435403	0.0749465	0.0121342	0.00142755	
0.262376	0.39604	0.039604	0.113861	0.0346535	0.0049505	0.00990099	0.10396	0.029703	0.0049505	
0.269764	0.192339	0.0835371	0.176447	0.0713121	0.00977995	0.109209	0.0713121	0.0130399	0.00325998	
0.0714286	0.142857	0.142857	0.0714286	0.214286	0.0714286	0.0714286	0.0714286	0.0714286	0.0714286	
0.142645	0.291233	0.127786	0.28529	0.0713224	0.00148588	0.0208024	0.0312036	0.00297177	0.02526	
0.0714286	0.142857	0.0714286	0.142857	0.0714286	0.142857	0.0714286	0.0714286	0.142857	0.0714286	
0.0983607	0.213115	0.196721	0.0655738	0.0491803	0.0163934	0.245902	0.0163934	0.0491803	0.0491803	
0.180328	0.155738	0.122951	0.0819672	0.163934	0.00819672	0.0901639	0.139344	0.0245902	0.0327869	
0.213155	0.144945	0.0548112	0.219245	0.124239	0.00243605	0.119367	0.09257	0.0121803	0.0170524	
0.353306	0.136364	0.0413223	0.179752	0.0640496	0.00826446	0.0805785	0.117769	0.0123967	0.00619835	
0.102568	0.125119	0.0501291	0.0571933	0.102568	0.00366798	0.057465	0.0358647	0.00434724	0.461079	
0.0153846	0.00769231	0.0519231	0.0519231	0.0615385	0.0269231	0.0230769	0.0423077	0.025	0.694231	
0.19278	0.256455	0.136876	0.0947606	0.0521434	0.000501379	0.193532	0.0591627	0.0095262	0.00426172	
0.169852	0.199826	0.137706	0.161164	0.115986	0.00173762	0.115117	0.0760209	0.0195482	0.00304083	
0.219512	0.112195	0.112195	0.0682927	0.0341463	0.0146341	0.292683	0.0780488	0.0439024	0.0243902	
0.144169	0.164537	0.0439297	0.238019	0.0551118	0.0127796	0.132588	0.139776	0.0395367	0.0295527	
0.0909091	0.0909091	0.0909091	0.0909091	0.0909091	0.0909091	0.0909091	0.181818	0.0909091	0.0909091	
0.199456	0.210342	0.0785381	0.143857	0.0968118	0.00311042	0.098367	0.14619	0.0213841	0.00194401	
0.0958512	0.120989	0.262824	0.0701001	0.0151236	0.0886981	0.227263	0.0631514	0.0463928	0.00960556	
0.292637	0.0941286	0.0885368	0.0894688	0.0726934	0.00745573	0.148183	0.17987	0.0205033	0.00652377	
0.239777	0.226766	0.0817844	0.111524	0.0855019	0.00371747	0.0687732	0.0929368	0.0817844	0.00743494	
0.0740741	0.037037	0.111111	0.185185	0.037037	0.037037	0.037037	0.111111	0.333333	0.037037	
0.365517	0.268966	0.231034	0.0413793	0.0103448	0.00344828	0.0172414	0.0482759	0.00689655	0.00689655	
0.160503	0.0839921	0.0457369	0.154574	0.0790514	0.00762281	0.222332	0.148504	0.0684641	0.0292208	
0.167229	0.0468645	0.121038	0.0758597	0.0660823	0.0118004	0.0434929	0.0478759	0.130479	0.289278	
0.0882353	0.273529	0.0911765	0.220588	0.0617647	0.0117647	0.182353	0.0411765	0.0235294	0.00588235	
0.225597	0.220174	0.0791757	0.189805	0.0813449	0.0119306	0.0748373	0.0412148	0.0726681	0.0032538	
0.245763	0.110169	0.0635593	0.182203	0.0550847	0.0254237	0.114407	0.0889831	0.0889831	0.0254237	
0.245998	0.0645678	0.0901814	0.117396	0.104589	0.00160085	0.216649	0.105656	0.0512273	0.00213447	
0.0604782	0.229255	0.178622	0.0576653	0.0267229	0.0140647	0.219409	0.127989	0.0436006	0.0421941	
0.233333	0.166667	0.0333333	0.1	0.0666667	0.0333333	0.233333	0.0333333	0.0666667	0.0333333	
0.196517	0.231343	0.0273632	0.18408	0.0547264	0.0273632	0.0621891	0.116915	0.0820896	0.0174129	
0.0489245	0.0903979	0.0940531	0.0428792	0.0863208	0.0857585	0.0974272	0.0306481	0.3779	0.045691	
0.140807	0.0929597	0.168831	0.0745044	0.0239234	0.0102529	0.238551	0.157895	0.0847573	0.0075188	
0.238059	0.321361	0.226589	0.032343	0.105491	0.000188041	0.0477623	0.0250094	0.00131628	0.00188041	
0.0175439	0.0263158	0.0964912	0.0701754	0.0614035	0.00877193	0.201754	0.464912	0.0350877	0.0175439	
0.0407156	0.193091	0.456508	0.025293	0.00555213	0.00555213	0.123381	0.0740284	0.0604565	0.0154226	
0.280977	0.141361	0.0279232	0.214223	0.0370855	0.0008726	0.11911	0.147469	0.0231239	0.0078534	
0.271321	0.137769	0.0323336	0.0599813	0.204311	0.00234302	0.146204	0.111059	0.0304592	0.00421743	
0.163102	0.379679	0.0294118	0.0240642	0.0534759	0.0026738	0.0695187	0.256684	0.0160428	0.00534759	
0.262685	0.0192678	0.0879897	0.141297	0.0757868	0.00899165	0.168915	0.192036	0.0333976	0.00963391	
0.0581395	0.0813953	0.232558	0.0697674	0.0813953	0.0116279	0.290698	0.0465116	0.116279	0.0116279	
0.1791	0.352612	0.170997	0.0690137	0.0542051	0.000279408	0.11344	0.0522492	0.00335289	0.00474993	
0.170974	0.196819	0.0994036	0.129225	0.0914513	0.00397614	0.17495	0.0934394	0.0298211	0.00994036	
0.0458599	0.112102	0.211465	0.0547771	0.044586	0.0547771	0.142675	0.0636943	0.0547771	0.215287	
0.0625	0.0625	0.05	0.1375	0.0875	0.0125	0.1625	0.35	0.0625	0.0125	
0.385567	0.19244	0.0749141	0.0962199	0.0611684	0.000687285	0.0508591	0.125086	0.0123711	0.000687285	
0.0885246	0.0918033	0.095082	0.0508197	0.0295082	0.362295	0.0819672	0.118033	0.0360656	0.0459016	
0.147355	0.180101	0.0780856	0.11461	0.142317	0.00755668	0.0831234	0.183879	0.0403023	0.02267	
0.0457875	0.0192308	0.0228938	0.0467033	0.014652	0.0201465	0.0210623	0.0668498	0.0128205	0.729853	
0.112165	0.169065	0.119032	0.1707	0.0644212	0.00752126	0.194572	0.087312	0.0719424	0.00327011	
0.229508	0.131148	0.0163934	0.0655738	0.0655738	0.0163934	0.245902	0.196721	0.0163934	0.0163934	
0.128205	0.435897	0.153846	0.025641	0.0512821	0.025641	0.0769231	0.025641	0.0512821	0.025641	
0.349481	0.122837	0.197232	0.148789	0.0484429	0.00519031	0.0588235	0.0519031	0.00692042	0.0103806	
0.196507	0.148472	0.0461634	0.25889	0.0174672	0.0149719	0.0973175	0.134124	0.0848409	0.00124766	
0.0601197	0.163493	0.134385	0.0375408	0.038901	0.318825	0.123504	0.0633841	0.0486942	0.0111534	
0.265421	0.0915888	0.119626	0.046729	0.00934579	0.00560748	0.24486	0.175701	0.0392523	0.00186916	
0.15947	0.257916	0.115141	0.107081	0.0310881	0.00863558	0.0961428	0.0852044	0.100748	0.0385723	
0.22547	0.139875	0.0542797	0.156576	0.0521921	0.00626305	0.131524	0.212944	0.0167015	0.00417537	
0.193416	0.13786	0.121399	0.115226	0.0987654	0.00411523	0.199588	0.0987654	0.0144033	0.0164609	
0.136404	0.245975	0.039356	0.17576	0.141995	0.00201252	0.155859	0.0898927	0.0105098	0.00223614	
0.134694	0.134694	0.0530612	0.0734694	0.0530612	0.0244898	0.395918	0.0530612	0.044898	0.0326531	
0.150365	0.346569	0.0518248	0.135328	0.0674453	0.000437956	0.108905	0.124964	0.0132847	0.000875912	
0.04947	0.139576	0.124264	0.0253239	0.00471143	0.481154	0.117786	0.0359246	0.0111896	0.0106007	
0.211429	0.251429	0.148571	0.205714	0.0342857	0.0171429	0.0914286	0.0228571	0.0114286	0.00571429	
0.151852	0.292593	0.118519	0.062963	0.244444	0.0185185	0.00740741	0.00740741	0.0185185	0.0777778	
0.343953	0.214159	0.106195	0.0766962	0.0619469	0.00176991	0.135693	0.0519174	0.00707965	0.000589971	
0.00490196	0.0269608	0.0245098	0.0122549	0.0245098	0.651961	0.0367647	0.0686275	0.0857843	0.0637255	
0.352941	0.0588235	0.0588235	0.0588235	0.117647	0.0588235	0.117647	0.0588235	0.0588235	0.0588235	
0.39272	0.210728	0.0957854	0.101533	0.0440613	0.00383142	0.0421456	0.0862069	0.0172414	0.00574713	
0.253521	0.084507	0.197183	0.084507	0.140845	0.0140845	0.056338	0.0985915	0.056338	0.0140845	
0.361317	0.0559671	0.00987654	0.17284	0.0469136	0.00576132	0.167078	0.158025	0.0156379	0.00658436	
0.22578	0.180624	0.318555	0.109195	0.046798	0.0172414	0.0591133	0.0205255	0.0106732	0.0114943	
0.0603136	0.0406112	0.10776	0.0394049	0.0211098	0.066345	0.147366	0.0550864	0.461801	0.000201045	
0.163449	0.283784	0.100386	0.0984556	0.155084	0.001287	0.140927	0.0534106	0.002574	0.000643501	
0.150259	0.186528	0.0906736	0.0297927	0.110104	0.00388601	0.106218	0.300518	0.0207254	0.00129534	
0.179118	0.116112	0.216922	0.117912	0.0810081	0.159316	0.0558056	0.0378038	0.0333033	0.00270027	
0.317386	0.0898483	0.0105018	0.150525	0.0116686	0.0116686	0.156359	0.157526	0.0770128	0.0175029	
0.170051	0.35533	0.116751	0.0913706	0.0862944	0.00507614	0.0532995	0.0989848	0.0126904	0.0101523	
0.161702	0.255319	0.208511	0.0425532	0.217021	0.00425532	0.0468085	0.0468085	0.00851064	0.00851064	
0.170732	0.182927	0.0487805	0.0243902	0.219512	0.0121951	0.121951	0.182927	0.0243902	0.0121951	
0.24004	0.27988	0.112002	0.150338	0.0238036	0.00701579	0.113505	0.0601353	0.00701579	0.00626409	
0.184433	0.149422	0.0339168	0.0436074	0.504689	0.000468897	0.0239137	0.0517349	0.00390747	0.00390747	
0.391517	0.171289	0.143556	0.0848287	0.0130506	0.00326264	0.12398	0.0440457	0.0179445	0.00652529	
0.252446	0.193738	0.0136986	0.309198	0.0195695	0.00978474	0.0919765	0.0430528	0.0645793	0.00195695	
0.0990888	0.0529613	0.111048	0.0643508	0.046697	0.0563781	0.0512528	0.0284738	0.0313212	0.458428	
0.19826	0.162993	0.122245	0.0987728	0.191827	0.000953175	0.142142	0.0570714	0.0148934	0.0108424	
0.125479	0.287356	0.150383	0.104406	0.0383142	0.00191571	0.15613	0.0948276	0.0383142	0.00287356	
0.0940439	0.225705	0.167712	0.148903	0.0266458	0.00626959	0.200627	0.0956113	0.0329154	0.0015674	
0.21875	0.135417	0.0520833	0.135417	0.114583	0.0520833	0.0520833	0.145833	0.0416667	0.0520833	
0.215054	0.206452	0.088172	0.178495	0.16129	0.00430108	0.0967742	0.027957	0.0193548	0.00215054	
0.157143	0.271429	0.128571	0.0285714	0.0857143	0.0142857	0.0285714	0.242857	0.0142857	0.0285714	
0.153887	0.142857	0.0625	0.0682773	0.183298	0.029937	0.224265	0.106092	0.0262605	0.00262605	
0.383855	0.143328	0.100494	0.0428336	0.123558	0.00164745	0.133443	0.0428336	0.0263591	0.00164745	
0.107692	0.123077	0.176923	0.25641	0.115385	0.0025641	0.0794872	0.0512821	0.0846154	0.0025641	
0.0571429	0.2	0.0571429	0.0857143	0.0571429	0.0285714	0.4	0.0571429	0.0285714	0.0285714	
0.108058	0.224499	0.0917559	0.188635	0.0931532	0.00558919	0.121565	0.130415	0.0349325	0.0013973	
0.235616	0.2	0.106849	0.150685	0.0273973	0.0246575	0.060274	0.175342	0.00821918	0.0109589	
0.167785	0.151007	0.104027	0.134228	0.181208	0.0033557	0.147651	0.0604027	0.0436242	0.00671141	
0.0877944	0.109208	0.115632	0.0663812	0.00428266	0.0449679	0.254818	0.147752	0.0449679	0.124197	
0.116732	0.324903	0.118677	0.110246	0.0810636	0.000648508	0.0966278	0.127756	0.0207523	0.00259403	
0.186842	0.0473684	0.00526316	0.276316	0.0315789	0.0289474	0.189474	0.210526	0.0131579	0.0105263	
0.128878	0.183771	0.27685	0.107399	0.0453461	0.00477327	0.155131	0.0644391	0.0167064	0.0167064	
0.191667	0.27381	0.0928571	0.0892857	0.107143	0.00714286	0.114286	0.0904762	0.0119048	0.0214286	
0.28179	0.122729	0.130261	0.0784227	0.0518387	0.00886132	0.20957	0.0965884	0.0186088	0.0013292	
0.198913	0.226743	0.0352505	0.249801	0.0506228	0.00463822	0.116883	0.0878611	0.0255765	0.00371058	
0.294872	0.116667	0.128205	0.075641	0.0807692	0.00512821	0.0935897	0.191026	0.00641026	0.00769231	
0.325186	0.195984	0.144915	0.123527	0.0794413	0.00130947	0.070275	0.0523789	0.00523789	0.00174596	
0.00404313	0.00539084	0.0485175	0.0673854	0.00943396	0.0309973	0.0714286	0.0256065	0.0983827	0.638814	
0.218035	0.187079	0.0753701	0.0982503	0.0524899	0.00942127	0.142665	0.187079	0.0188425	0.0107672	
0.203668	0.116795	0.03861	0.0810811	0.0246139	0.0019305	0.185811	0.31805	0.0284749	0.000965251	
0.148272	0.140468	0.0925307	0.14437	0.284838	0.0039019	0.0758082	0.0719064	0.0144928	0.0234114	
0.219947	0.243099	0.110419	0.216385	0.0605521	0.000890472	0.0578807	0.062333	0.0213713	0.00712378	
0.021164	0.100529	0.0634921	0.0634921	0.00529101	0.10582	0.0582011	0.0634921	0.0634921	0.455026	
0.253829	0.12035	0.15682	0.239971	0.0335522	0.00291758	0.0408461	0.0911743	0.0598104	0.000729395	
